0
0
0
0
0
0
0
0
0
0
0
0
0
0
0
0
0
0
0
0
0
0
0
0
0
0
0
0
0
0
0
0
0
0
0
0
0
0
0
0
0
0
0
0
0
0
0
0
0
0
0
0
0
0
0
0
0
0
0
0
0
0
0
0
0
0
0
0
0
0
0
0
0
0
0
0
0
0
0
0
0
0
0
0
0
0
0
0
0
0
0
0
0
0
0
0
0
0
0
0
0
0
0
0
0
0
0
0
0
0
0
0
0
0
0
0
0
0
0
0
0
0
0
0
b
96
fd
ca
1f
0
0
0
0
0
0
0
0
0
0
0
0
0
0
0
0
0
0
0
0
0
0
0
25
fb
fb
fd
6b
0
0
0
0
0
0
0
0
0
0
0
0
0
0
0
0
0
0
0
0
0
0
15
c5
fb
fb
fd
6b
0
0
0
0
0
0
0
0
0
0
0
0
0
0
0
0
0
0
0
0
0
6e
be
fb
fb
fb
fd
a9
6d
3e
0
0
0
0
0
0
0
0
0
0
0
0
0
0
0
0
0
0
0
fd
fb
fb
fb
fb
fd
fb
fb
dc
33
0
0
0
0
0
0
0
0
0
0
0
0
0
0
0
0
0
b6
ff
fd
fd
fd
fd
ea
de
fd
fd
fd
0
0
0
0
0
0
0
0
0
0
0
0
0
0
0
0
3f
dd
fd
fb
fb
fb
93
4d
3e
80
fb
fb
69
0
0
0
0
0
0
0
0
0
0
0
0
0
0
20
e7
fb
fd
fb
dc
89
a
0
0
1f
e6
fb
f3
71
5
0
0
0
0
0
0
0
0
0
0
0
0
25
fb
fb
fd
bc
14
0
0
0
0
0
6d
fb
fd
fb
23
0
0
0
0
0
0
0
0
0
0
0
0
25
fb
fb
c9
1e
0
0
0
0
0
0
1f
c8
fd
fb
23
0
0
0
0
0
0
0
0
0
0
0
0
25
fd
fd
0
0
0
0
0
0
0
0
20
ca
ff
fd
a4
0
0
0
0
0
0
0
0
0
0
0
0
8c
fb
fb
0
0
0
0
0
0
0
0
6d
fb
fd
fb
23
0
0
0
0
0
0
0
0
0
0
0
0
d9
fb
fb
0
0
0
0
0
0
15
3f
e7
fb
fd
e6
1e
0
0
0
0
0
0
0
0
0
0
0
0
d9
fb
fb
0
0
0
0
0
0
90
fb
fb
fb
dd
3d
0
0
0
0
0
0
0
0
0
0
0
0
0
d9
fb
fb
0
0
0
0
0
b6
dd
fb
fb
fb
b4
0
0
0
0
0
0
0
0
0
0
0
0
0
0
da
fd
fd
49
49
e4
fd
fd
ff
fd
fd
fd
fd
0
0
0
0
0
0
0
0
0
0
0
0
0
0
0
71
fb
fb
fd
fb
fb
fb
fb
fd
fb
fb
fb
93
0
0
0
0
0
0
0
0
0
0
0
0
0
0
0
1f
e6
fb
fd
fb
fb
fb
fb
fd
e6
bd
23
a
0
0
0
0
0
0
0
0
0
0
0
0
0
0
0
0
3e
8e
fd
fb
fb
fb
fb
fd
6b
0
0
0
0
0
0
0
0
0
0
0
0
0
0
0
0
0
0
0
0
0
48
ae
fb
ad
47
48
1e
0
0
0
0
0
0
0
0
0
0
0
0
0
0
0
0
0
0
0
0
0
0
0
0
0
0
0
0
0
0
0
0
0
0
0
0
0
0
0
0
0
0
0
0
0
0
0
0
0
0
0
0
0
0
0
0
0
0
0
0
0
0
0
0
0
0
0
0
0
0
0
0
0
0
0
0
0
0
0
0
0
0
0
0
0
0
0
0
0
0
0
0
0
0
0
0
0
0
0
0
0
0
0
0
0
0
0
0
0
0
0
0
0
0
0
0
0
0
0
0
0
0
0
0
0
0
0
0
0
0
0
0
0
0
0
0
0
0
0
0
0
0
0
0
0
0
0
0
0
0
0
0
0
0
0
0
0
0
0
0
0
0
0
0
0
0
0
0
0
0
0
0
0
0
0
0
0
0
0
0
0
0
0
0
0
0
0
0
0
0
0
0
0
0
0
0
0
0
0
0
0
0
0
0
0
0
0
0
0
0
0
0
0
0
0
0
0
0
0
0
0
0
0
0
0
0
0
0
0
0
0
0
0
0
0
0
0
0
0
0
0
0
0
0
0
0
0
0
0
0
0
26
fe
6d
0
0
0
0
0
0
0
0
0
0
0
0
0
0
0
0
0
0
0
0
0
0
0
0
0
57
fc
52
0
0
0
0
0
0
0
0
0
0
0
0
0
0
0
0
0
0
0
0
0
0
0
0
0
87
f1
0
0
0
0
0
0
0
0
0
0
0
0
0
0
0
0
0
0
0
0
0
0
0
0
0
2d
f4
96
0
0
0
0
0
0
0
0
0
0
0
0
0
0
0
0
0
0
0
0
0
0
0
0
0
54
fe
3f
0
0
0
0
0
0
0
0
0
0
0
0
0
0
0
0
0
0
0
0
0
0
0
0
0
ca
df
b
0
0
0
0
0
0
0
0
0
0
0
0
0
0
0
0
0
0
0
0
0
0
0
0
20
fe
d8
0
0
0
0
0
0
0
0
0
0
0
0
0
0
0
0
0
0
0
0
0
0
0
0
0
5f
fe
c3
0
0
0
0
0
0
0
0
0
0
0
0
0
0
0
0
0
0
0
0
0
0
0
0
0
8c
fe
4d
0
0
0
0
0
0
0
0
0
0
0
0
0
0
0
0
0
0
0
0
0
0
0
0
39
ed
cd
8
0
0
0
0
0
0
0
0
0
0
0
0
0
0
0
0
0
0
0
0
0
0
0
0
7c
ff
a5
0
0
0
0
0
0
0
0
0
0
0
0
0
0
0
0
0
0
0
0
0
0
0
0
0
ab
fe
51
0
0
0
0
0
0
0
0
0
0
0
0
0
0
0
0
0
0
0
0
0
0
0
0
18
e8
d7
0
0
0
0
0
0
0
0
0
0
0
0
0
0
0
0
0
0
0
0
0
0
0
0
0
78
fe
9f
0
0
0
0
0
0
0
0
0
0
0
0
0
0
0
0
0
0
0
0
0
0
0
0
0
97
fe
8e
0
0
0
0
0
0
0
0
0
0
0
0
0
0
0
0
0
0
0
0
0
0
0
0
0
e4
fe
42
0
0
0
0
0
0
0
0
0
0
0
0
0
0
0
0
0
0
0
0
0
0
0
0
3d
fb
fe
42
0
0
0
0
0
0
0
0
0
0
0
0
0
0
0
0
0
0
0
0
0
0
0
0
8d
fe
cd
3
0
0
0
0
0
0
0
0
0
0
0
0
0
0
0
0
0
0
0
0
0
0
0
a
d7
fe
79
0
0
0
0
0
0
0
0
0
0
0
0
0
0
0
0
0
0
0
0
0
0
0
0
5
c6
b0
a
0
0
0
0
0
0
0
0
0
0
0
0
0
0
0
0
0
0
0
0
0
0
0
0
0
0
0
0
0
0
0
0
0
0
0
0
0
0
0
0
0
0
0
0
0
0
0
0
0
0
0
0
0
0
0
0
0
0
0
0
0
0
0
0
0
0
0
0
0
0
0
0
0
0
0
0
0
0
0
0
0
0
0
0
0
0
0
0
0
0
0
0
0
0
0
0
0
0
0
0
0
0
0
0
0
0
0
0
0
0
0
0
0
0
0
0
0
0
0
0
0
0
0
0
0
0
0
0
0
0
0
0
0
0
0
0
0
0
0
0
0
0
0
0
0
0
0
0
0
0
0
0
0
0
0
0
0
0
0
0
0
0
0
0
0
0
0
0
0
0
0
0
0
0
0
0
0
0
0
0
0
0
0
0
0
0
0
0
0
0
0
0
0
0
0
0
0
0
0
0
0
0
0
0
0
0
0
0
0
0
0
0
0
0
0
0
0
0
0
0
74
7d
ab
ff
ff
96
5d
0
0
0
0
0
0
0
0
0
0
0
0
0
0
0
0
0
0
0
0
a9
fd
fd
fd
fd
fd
fd
da
1e
0
0
0
0
0
0
0
0
0
0
0
0
0
0
0
0
0
0
a9
fd
fd
fd
d5
8e
b0
fd
fd
7a
0
0
0
0
0
0
0
0
0
0
0
0
0
0
0
0
0
34
fa
fd
d2
20
c
0
6
ce
fd
8c
0
0
0
0
0
0
0
0
0
0
0
0
0
0
0
0
0
4d
fb
d2
19
0
0
0
7a
f8
fd
41
0
0
0
0
0
0
0
0
0
0
0
0
0
0
0
0
0
0
1f
12
0
0
0
0
d1
fd
fd
41
0
0
0
0
0
0
0
0
0
0
0
0
0
0
0
0
0
0
0
0
0
0
0
75
f7
fd
c6
a
0
0
0
0
0
0
0
0
0
0
0
0
0
0
0
0
0
0
0
0
0
0
4c
f7
fd
e7
3f
0
0
0
0
0
0
0
0
0
0
0
0
0
0
0
0
0
0
0
0
0
0
0
80
fd
fd
90
0
0
0
0
0
0
0
0
0
0
0
0
0
0
0
0
0
0
0
0
0
0
0
b0
f6
fd
9f
c
0
0
0
0
0
0
0
0
0
0
0
0
0
0
0
0
0
0
0
0
0
0
19
ea
fd
e9
23
0
0
0
0
0
0
0
0
0
0
0
0
0
0
0
0
0
0
0
0
0
0
0
c6
fd
fd
8d
0
0
0
0
0
0
0
0
0
0
0
0
0
0
0
0
0
0
0
0
0
0
0
4e
f8
fd
bd
c
0
0
0
0
0
0
0
0
0
0
0
0
0
0
0
0
0
0
0
0
0
0
13
c8
fd
fd
8d
0
0
0
0
0
0
0
0
0
0
0
0
0
0
0
0
0
0
0
0
0
0
0
86
fd
fd
ad
c
0
0
0
0
0
0
0
0
0
0
0
0
0
0
0
0
0
0
0
0
0
0
0
f8
fd
fd
19
0
0
0
0
0
0
0
0
0
0
0
0
0
0
0
0
0
0
0
0
0
0
0
0
f8
fd
fd
2b
14
14
14
14
5
0
5
14
14
25
96
96
96
93
a
0
0
0
0
0
0
0
0
0
f8
fd
fd
fd
fd
fd
fd
fd
a8
8f
a6
fd
fd
fd
fd
fd
fd
fd
7b
0
0
0
0
0
0
0
0
0
ae
fd
fd
fd
fd
fd
fd
fd
fd
fd
fd
fd
f9
f7
f7
a9
75
75
39
0
0
0
0
0
0
0
0
0
0
76
7b
7b
7b
a6
fd
fd
fd
9b
7b
7b
29
0
0
0
0
0
0
0
0
0
0
0
0
0
0
0
0
0
0
0
0
0
0
0
0
0
0
0
0
0
0
0
0
0
0
0
0
0
0
0
0
0
0
0
0
0
0
0
0
0
0
0
0
0
0
0
0
0
0
0
0
0
0
0
0
0
0
0
0
0
0
0
0
0
0
0
0
0
0
0
0
0
0
0
0
0
0
0
0
0
0
0
0
0
0
0
0
0
0
0
0
0
0
0
0
0
0
0
0
0
0
0
0
0
0
0
0
0
0
0
0
0
0
0
0
0
0
0
0
0
0
0
0
0
0
0
0
0
0
0
0
0
0
0
0
0
0
0
0
0
0
0
0
0
0
0
0
0
0
0
0
0
0
0
0
0
0
0
0
0
0
0
0
0
0
0
0
0
0
0
0
0
0
0
0
0
0
0
0
0
0
0
0
0
0
0
0
0
0
0
0
0
0
0
0
0
0
0
0
0
0
0
0
0
0
0
0
0
0
0
0
0
0
0
0
0
0
0
0
0
0
0
0
0
0
0
0
0
0
0
0
0
0
0
0
0
0
0
0
0
0
0
0
0
0
0
0
0
0
0
0
0
0
0
0
0
c
29
92
92
30
0
0
0
0
0
0
0
0
0
0
0
0
0
0
0
0
0
0
0
0
0
0
c
81
fd
fd
fd
fa
a3
12
0
0
0
0
0
0
0
0
0
0
0
0
0
0
0
0
0
0
0
0
85
fd
fd
fd
fd
fd
fd
e5
46
0
0
0
0
0
0
0
0
0
0
0
0
0
0
0
0
0
0
0
65
fd
fc
91
66
6b
ed
fd
f7
80
a
0
0
0
0
0
0
0
0
0
0
0
0
0
0
0
0
0
b5
fd
a7
0
0
0
3d
eb
fd
fd
a3
5
0
0
0
0
0
0
0
0
0
0
0
0
0
0
0
0
ff
fd
2b
0
0
0
0
3a
c1
fd
fd
a4
4
0
0
0
0
0
0
0
0
0
0
0
0
0
0
0
bb
fd
20
0
0
0
0
0
37
ec
fd
fd
56
0
0
0
0
0
0
0
0
0
0
0
0
0
0
0
92
fd
20
0
64
be
57
57
57
93
fd
fd
7b
0
0
0
0
0
0
0
0
0
0
0
0
0
0
0
5e
fd
4e
28
f8
fd
fd
fd
fd
fd
fd
fd
df
54
f
0
0
0
0
0
0
0
0
0
0
0
0
0
e
5c
c
23
f0
fd
fd
fd
fd
fd
fd
fd
fd
fd
f4
59
a
0
0
0
0
0
0
0
0
0
0
0
0
0
0
0
4b
a1
b3
fd
fd
fd
fd
fd
fd
fd
fd
fd
d1
2b
0
0
0
0
0
0
0
0
0
0
0
0
0
0
0
0
3
10
10
27
26
10
10
91
f3
fd
fd
b9
30
0
0
0
0
0
0
0
0
0
0
0
0
0
14
3a
0
0
0
0
0
0
0
0
3a
d1
fd
fd
b7
0
0
0
0
0
0
0
0
0
0
0
0
4d
dd
f7
4f
0
0
0
0
0
0
0
0
d
db
fd
f0
48
0
0
0
0
0
0
0
0
0
0
0
5a
f7
fd
fc
39
0
0
0
0
0
0
0
0
35
fb
fd
bf
0
0
0
0
0
0
0
0
0
0
0
0
74
fd
fd
3b
0
0
0
0
0
0
0
0
63
fc
fd
91
0
0
0
0
0
0
0
0
0
0
0
0
e
bc
fd
dd
9e
26
0
0
0
0
6f
d3
f6
fd
fd
91
0
0
0
0
0
0
0
0
0
0
0
0
0
c
dd
f6
fd
fb
f9
f9
f9
f9
fd
fd
fd
fd
c8
13
0
0
0
0
0
0
0
0
0
0
0
0
0
0
0
5f
b7
e4
fd
fd
fd
fd
fd
fd
c3
7c
17
0
0
0
0
0
0
0
0
0
0
0
0
0
0
0
0
0
0
18
25
8a
4a
7e
58
25
7
0
0
0
0
0
0
0
0
0
0
0
0
0
0
0
0
0
0
0
0
0
0
0
0
0
0
0
0
0
0
0
0
0
0
0
0
0
0
0
0
0
0
0
0
0
0
0
0
0
0
0
0
0
0
0
0
0
0
0
0
0
0
0
0
0
0
0
0
0
0
0
0
0
0
0
0
0
0
0
0
0
0
0
0
0
0
0
0
0
0
0
0
0
0
0
0
0
0
0
0
0
0
0
0
0
0
0
0
0
0
0
0
0
0
0
0
0
0
0
0
0
0
0
0
0
0
0
0
0
0
0
0
0
0
0
0
0
0
0
0
0
0
0
0
0
0
0
0
0
0
0
0
0
0
0
0
0
0
0
0
0
0
0
0
0
0
0
0
0
0
0
0
0
0
0
0
0
0
0
0
0
0
0
0
0
0
0
0
0
0
0
0
0
0
0
0
0
0
0
0
0
0
0
0
0
0
0
0
0
0
0
0
0
0
0
0
0
0
0
0
0
0
0
0
0
0
0
0
0
0
0
0
0
0
0
0
0
0
0
0
0
0
0
0
0
0
0
0
0
0
0
0
0
0
0
0
0
0
0
0
0
0
0
0
0
0
0
0
0
0
0
0
0
0
0
0
a8
5b
0
0
0
0
0
0
0
0
0
0
0
0
0
0
0
0
0
0
0
0
0
0
0
0
0
2
ea
7e
0
0
0
0
0
0
0
0
0
0
0
0
0
0
0
0
0
0
0
0
0
0
0
0
0
33
fe
7e
0
0
0
0
0
0
0
0
0
0
0
0
0
0
0
0
0
26
b2
1f
0
0
0
0
0
33
fe
51
0
0
0
0
0
0
0
0
0
0
0
0
0
0
0
0
0
5e
fe
53
0
0
0
0
0
57
fe
36
0
0
0
0
0
0
0
0
0
0
0
0
0
0
0
0
0
a0
fe
38
0
0
0
0
0
bd
ee
4
0
0
0
0
0
0
0
0
0
0
0
0
0
0
0
0
d
e3
a8
2
0
0
0
0
0
c2
ec
0
0
0
0
0
0
0
0
0
0
0
0
0
0
0
0
0
37
fe
72
0
0
0
0
0
10
eb
a7
0
0
0
0
0
0
0
0
0
0
0
0
0
0
0
0
0
73
fe
32
0
0
0
0
0
67
fe
69
0
0
0
0
0
0
0
0
0
0
0
0
0
0
0
0
7
dd
ec
4b
9c
b4
be
fc
fc
fd
fe
72
0
0
0
0
0
0
0
0
0
0
0
0
0
0
0
0
f
fe
fe
fe
fc
d3
b3
b3
b3
f6
fe
f7
5e
0
0
0
0
0
0
0
0
0
0
0
0
0
0
0
8
d9
ef
75
16
0
0
0
0
e2
fe
f2
c5
0
0
0
0
0
0
0
0
0
0
0
0
0
0
0
0
e
12
0
0
0
0
0
1b
f3
cf
2e
25
0
0
0
0
0
0
0
0
0
0
0
0
0
0
0
0
0
0
0
0
0
0
0
63
fe
84
0
0
0
0
0
0
0
0
0
0
0
0
0
0
0
0
0
0
0
0
0
0
0
0
0
74
fe
43
0
0
0
0
0
0
0
0
0
0
0
0
0
0
0
0
0
0
0
0
0
0
0
0
0
74
fe
3d
0
0
0
0
0
0
0
0
0
0
0
0
0
0
0
0
0
0
0
0
0
0
0
0
0
74
fe
3d
0
0
0
0
0
0
0
0
0
0
0
0
0
0
0
0
0
0
0
0
0
0
0
0
0
ae
ff
64
0
0
0
0
0
0
0
0
0
0
0
0
0
0
0
0
0
0
0
0
0
0
0
0
0
bb
fe
53
0
0
0
0
0
0
0
0
0
0
0
0
0
0
0
0
0
0
0
0
0
0
0
0
0
73
b0
a
0
0
0
0
0
0
0
0
0
0
0
0
0
0
0
0
0
0
0
0
0
0
0
0
0
0
0
0
0
0
0
0
0
0
0
0
0
0
0
0
0
0
0
0
0
0
0
0
0
0
0
0
0
0
0
0
0
0
0
0
0
0
0
0
0
0
0
0
0
0
0
0
0
0
0
0
0
0
0
0
0
0
0
0
0
0
0
0
0
0
0
0
0
0
0
0
0
0
0
0
0
0
0
0
0
0
0
0
0
0
0
0
0
0
0
0
0
0
0
0
0
0
0
0
0
0
0
0
0
0
0
0
0
0
0
0
0
0
0
0
0
0
0
0
0
0
0
0
0
0
0
0
0
0
0
0
0
0
0
0
0
0
0
0
0
0
0
0
0
0
0
0
0
0
0
0
0
0
0
0
0
0
0
0
0
0
0
0
0
0
0
0
0
0
0
0
0
0
0
0
0
0
0
0
0
0
0
0
0
0
0
0
0
0
0
0
0
0
0
0
0
0
0
0
0
0
0
0
0
0
0
0
0
0
0
0
0
0
0
0
0
0
0
0
0
0
0
0
0
0
0
0
0
0
0
0
0
0
0
0
0
0
0
0
0
0
0
0
0
0
0
0
0
17
4
0
7
1d
1d
5c
8d
8d
8d
f3
d9
d9
4f
0
0
0
0
0
0
0
0
0
0
0
66
aa
aa
eb
b2
aa
bc
fd
fd
fe
fd
fd
fd
fe
fd
fd
8c
0
0
0
0
0
0
0
0
0
0
43
eb
ff
fd
fd
fd
fe
fd
bb
a8
a9
a8
51
38
4e
fd
e1
2b
0
0
0
0
0
0
0
0
0
1a
df
fd
bf
d8
fd
cb
4e
1c
6
0
0
0
0
0
4
4e
13
0
0
0
0
0
0
0
0
0
2a
fe
ff
bf
0
33
e2
19
0
0
0
0
0
0
0
0
0
0
0
0
0
0
0
0
0
0
0
0
8d
fd
fd
d8
aa
5f
39
20
0
0
0
0
0
0
0
0
0
0
0
0
0
0
0
0
0
0
0
0
36
fd
fd
fd
fe
fd
fd
e5
87
43
0
0
0
0
0
0
0
0
0
0
0
0
0
0
0
0
0
0
4
1c
1c
1c
1c
35
b2
fd
fe
f7
8a
3f
0
0
0
0
0
0
0
0
0
0
0
0
0
0
0
0
0
0
0
0
0
0
0
33
7f
f5
fe
fe
81
a
0
0
0
0
0
0
0
0
0
0
0
0
0
0
0
0
0
0
0
0
0
0
0
39
ac
f7
fe
ac
d
0
0
0
0
0
0
0
0
0
0
0
0
0
0
0
0
0
0
0
0
0
0
0
0
8a
fe
fd
5e
0
0
0
0
0
0
0
0
0
0
0
0
0
0
0
0
0
0
0
0
0
0
0
0
d
68
fd
ce
d
0
0
0
0
0
0
0
0
0
0
0
0
0
0
0
0
0
0
0
0
0
0
0
0
5c
fe
fe
4e
0
0
0
0
0
0
0
0
0
0
0
0
0
0
0
0
0
0
0
0
0
0
0
1a
d9
fd
fd
1c
0
0
0
0
0
0
0
0
0
0
0
0
0
0
0
0
0
0
0
0
0
0
43
d2
fe
fd
63
6
0
0
0
0
0
0
0
0
0
0
0
0
0
0
0
0
0
0
0
0
0
4c
df
fd
fe
98
6
0
0
0
0
0
0
0
0
0
0
0
0
0
0
0
49
4
0
0
0
1a
cd
fe
fe
f2
97
0
0
0
0
0
0
0
0
0
0
0
0
0
0
0
0
0
c6
80
39
52
a9
f4
fe
fd
d1
3b
0
0
0
0
0
0
0
0
0
0
0
0
0
0
0
0
0
0
a0
fd
fe
fd
fd
fd
f5
8f
d
0
0
0
0
0
0
0
0
0
0
0
0
0
0
0
0
0
0
0
a
80
cc
fd
d7
8c
19
0
0
0
0
0
0
0
0
0
0
0
0
0
0
0
0
0
0
0
0
0
0
0
0
0
0
0
0
0
0
0
0
0
0
0
0
0
0
0
0
0
0
0
0
0
0
0
0
0
0
0
0
0
0
0
0
0
0
0
0
0
0
0
0
0
0
0
0
0
0
0
0
0
0
0
0
0
0
0
0
0
0
0
0
0
0
0
0
0
0
0
0
0
0
0
0
0
0
0
0
0
0
0
0
0
0
0
0
0
0
0
0
0
0
0
0
0
0
0
0
0
0
0
0
0
0
0
0
0
0
0
0
0
0
0
0
0
0
0
0
0
0
0
0
0
0
0
0
0
0
0
0
0
0
0
0
0
0
0
0
0
0
0
72
ff
39
0
0
0
0
0
0
0
0
0
0
0
0
0
0
0
0
0
0
0
0
0
0
0
0
0
e2
ff
39
0
0
0
0
0
0
0
0
0
0
0
0
0
0
0
0
0
0
0
0
0
0
0
0
1d
ff
72
0
0
0
0
0
0
0
0
0
0
0
0
0
0
0
0
0
0
0
0
0
0
0
0
0
72
ff
56
0
0
0
0
0
0
0
0
0
0
0
0
0
0
0
0
0
0
0
0
0
0
0
0
0
c6
ff
1d
0
0
0
0
0
0
0
0
0
0
0
0
0
0
0
0
0
0
0
0
0
0
0
0
1d
ff
e2
0
0
0
0
0
0
0
0
0
0
0
0
0
0
0
0
0
0
0
0
0
0
0
0
0
8d
ff
8d
0
0
0
0
0
0
39
56
56
8d
39
0
0
0
0
0
0
0
0
0
0
0
0
0
0
aa
ff
56
0
0
0
0
0
39
e2
ff
ff
ff
ff
39
0
0
0
0
0
0
0
0
0
0
0
0
0
aa
ff
56
0
0
0
0
0
aa
ff
ff
72
39
e2
c6
0
0
0
0
0
0
0
0
0
0
0
0
0
aa
ff
56
0
0
0
0
39
ff
ff
56
0
0
aa
ff
0
0
0
0
0
0
0
0
0
0
0
0
0
aa
ff
56
0
0
0
0
aa
ff
56
0
0
0
aa
ff
56
0
0
0
0
0
0
0
0
0
0
0
0
8d
ff
72
0
0
0
1d
ff
c6
0
0
0
0
aa
ff
56
0
0
0
0
0
0
0
0
0
0
0
0
1d
ff
ff
0
0
0
aa
ff
72
0
0
0
0
c6
e2
0
0
0
0
0
0
0
0
0
0
0
0
0
0
c6
ff
72
0
0
aa
ff
56
0
0
0
56
ff
72
0
0
0
0
0
0
0
0
0
0
0
0
0
0
56
ff
ff
aa
39
ff
ff
1d
0
0
56
e2
e2
1d
0
0
0
0
0
0
0
0
0
0
0
0
0
0
0
72
e2
ff
ff
ff
ff
56
56
aa
ff
ff
39
0
0
0
0
0
0
0
0
0
0
0
0
0
0
0
0
0
1d
8d
ff
ff
ff
ff
ff
ff
c6
1d
0
0
0
0
0
0
0
0
0
0
0
0
0
0
0
0
0
0
0
0
0
e2
ff
ff
8d
56
0
0
0
0
0
0
0
0
0
0
0
0
0
0
0
0
0
0
0
0
0
0
0
8d
ff
ff
aa
aa
39
0
0
0
0
0
0
0
0
0
0
0
0
0
0
0
0
0
0
0
0
0
0
0
8d
e2
aa
72
1d
0
0
0
0
0
0
0
0
0
0
0
0
0
0
0
0
0
0
0
0
0
0
0
0
0
0
0
0
0
0
0
0
0
0
0
0
0
0
0
0
0
0
0
0
0
0
0
0
0
0
0
0
0
0
0
0
0
0
0
0
0
0
0
0
0
0
0
0
0
0
0
0
0
0
0
0
0
0
0
0
0
0
0
0
0
0
0
0
0
0
0
0
0
0
0
0
0
0
0
0
0
0
0
0
0
0
0
0
0
0
0
0
0
0
0
0
0
0
0
0
0
0
0
0
0
0
0
0
0
0
0
0
0
0
0
0
0
0
0
0
0
0
0
0
0
0
0
0
0
0
0
0
0
0
0
0
0
0
0
0
0
0
0
0
0
0
0
0
0
0
0
0
0
0
0
0
0
0
0
0
0
0
0
0
0
0
0
0
0
0
0
0
0
0
0
0
0
0
0
0
0
0
0
0
0
0
0
0
0
0
0
0
0
0
0
0
0
0
0
0
0
0
0
0
0
0
0
0
0
0
0
0
0
0
0
0
0
0
0
0
0
0
0
0
0
0
0
0
0
0
0
0
0
0
0
0
0
0
0
0
0
0
0
0
0
0
0
0
0
0
0
0
0
0
0
0
0
0
0
0
0
0
0
0
0
0
0
0
0
0
0
0
0
0
0
0
0
0
0
0
0
0
0
0
0
0
0
0
0
0
0
0
0
0
0
0
0
0
0
0
0
0
0
0
0
0
0
0
0
0
0
0
0
0
0
0
0
0
0
0
0
0
0
0
0
0
0
0
0
4a
f9
fe
fe
fe
f5
a7
a7
88
19
50
3c
0
0
0
0
0
0
0
0
0
0
0
0
0
0
0
0
68
fe
fe
fe
fe
fe
fe
fe
fe
f9
fe
fc
c5
71
47
27
0
0
0
0
0
0
0
0
0
0
0
0
5
63
87
69
69
72
c0
c0
c0
e9
fe
fe
fe
fe
fe
f6
81
0
0
0
0
0
0
0
0
0
0
0
0
0
0
0
0
0
0
0
0
2d
72
72
cb
fe
fe
fe
f0
f
0
0
0
0
0
0
0
0
0
0
0
0
0
0
0
0
0
0
0
0
0
0
8
23
9b
fe
fe
82
0
0
0
0
0
0
0
0
0
0
0
0
0
0
0
0
0
0
0
0
0
0
0
0
24
fe
f1
22
0
0
0
0
0
0
0
0
0
0
0
0
0
0
0
0
0
0
0
0
0
0
0
0
73
fe
fe
76
0
0
0
0
0
0
0
0
0
0
0
0
0
0
0
0
0
0
0
0
0
0
0
22
f3
fe
f0
11
0
0
0
0
0
0
0
0
0
0
0
0
0
0
0
0
0
0
0
0
0
0
0
6f
fe
fe
8b
0
0
0
0
0
0
0
0
0
0
0
0
0
0
0
0
0
0
0
0
0
0
0
25
f3
fe
f4
28
0
0
0
0
0
0
0
0
0
0
0
0
0
0
0
0
0
0
0
0
0
0
14
b0
fe
fe
71
0
0
0
0
0
0
0
0
0
0
0
0
0
0
0
0
0
0
0
0
0
0
0
8c
fe
fe
dc
2
0
0
0
0
0
0
0
0
0
0
0
0
0
0
0
0
0
0
0
0
0
0
58
fd
fe
f3
2d
0
0
0
0
0
0
0
0
0
0
0
0
0
0
0
0
0
0
0
0
0
0
3f
f1
fe
fe
53
0
0
0
0
0
0
0
0
0
0
0
0
0
0
0
0
0
0
0
0
0
0
10
f3
fe
fe
93
5
0
0
0
0
0
0
0
0
0
0
0
0
0
0
0
0
0
0
0
0
0
2
6f
fe
fe
cb
5
0
0
0
0
0
0
0
0
0
0
0
0
0
0
0
0
0
0
0
0
0
0
3a
fe
fe
fe
54
0
0
0
0
0
0
0
0
0
0
0
0
0
0
0
0
0
0
0
0
0
0
e
ed
fe
ff
c2
4
0
0
0
0
0
0
0
0
0
0
0
0
0
0
0
0
0
0
0
0
0
0
52
fe
fe
c2
1b
0
0
0
0
0
0
0
0
0
0
0
0
0
0
0
0
0
0
0
0
0
0
0
27
e6
c1
1c
0
0
0
0
0
0
0
0
0
0
0
0
0
0
0
0
0
0
0
0
0
0
0
0
0
0
0
0
0
0
0
0
0
0
0
0
0
0
0
0
0
0
0
0
0
0
0
0
0
0
0
0
0
0
0
0
0
0
0
0
0
0
0
0
0
0
0
0
0
0
0
0
0
0
0
0
0
0
0
0
0
0
0
0
0
0
0
0
0
0
0
0
0
0
0
0
0
0
0
0
0
0
0
0
0
0
0
0
0
0
0
0
0
0
0
0
0
0
0
0
0
0
0
0
0
0
0
0
0
0
0
0
0
0
0
0
0
0
0
0
0
0
0
0
0
0
0
0
0
0
0
0
0
0
0
0
0
0
0
0
0
0
0
0
0
0
0
0
0
0
0
0
0
0
0
0
0
0
0
0
0
0
0
0
0
0
0
0
0
0
0
0
0
0
0
0
0
30
ab
ff
fe
ff
b9
b
0
0
0
0
0
0
0
0
0
0
0
0
0
0
0
0
19
3f
2d
0
77
f7
f9
bf
bf
e6
fe
59
0
0
0
0
0
0
0
0
0
0
0
0
0
0
0
57
ee
fe
f6
e4
f2
78
19
0
0
4d
fe
7d
0
0
0
0
0
0
0
0
0
0
0
0
0
0
0
c9
fe
fe
fe
fe
c4
0
0
0
0
7c
fe
51
0
0
0
0
0
0
0
0
0
0
0
0
0
0
0
7b
fe
fe
f7
b3
44
0
0
0
2c
f9
f9
20
0
0
0
0
0
0
0
0
0
0
0
0
0
0
0
6
aa
fe
eb
33
0
0
0
2a
e8
fe
45
0
0
0
0
0
0
0
0
0
0
0
0
0
0
0
0
0
22
e3
fe
eb
8f
0
2b
e7
fe
b2
7
0
0
0
0
0
0
0
0
0
0
0
0
0
0
0
0
0
0
5e
fd
fe
b1
47
e7
fc
9a
5
0
0
0
0
0
0
0
0
0
0
0
0
0
0
0
0
0
0
0
0
74
fe
fb
fb
fe
b1
0
0
0
0
0
0
0
0
0
0
0
0
0
0
0
0
0
0
0
0
0
0
2f
f8
fe
fe
bf
9
0
0
0
0
0
0
0
0
0
0
0
0
0
0
0
0
0
0
0
0
0
34
dd
fe
fe
fe
bd
0
0
0
0
0
0
0
0
0
0
0
0
0
0
0
0
0
0
0
0
0
34
ec
f9
b8
cb
fe
ec
0
0
0
0
0
0
0
0
0
0
0
0
0
0
0
0
0
0
0
0
32
eb
fc
55
0
46
fe
f9
34
0
0
0
0
0
0
0
0
0
0
0
0
0
0
0
0
0
0
0
8c
fe
8c
0
0
2d
fe
fe
82
0
0
0
0
0
0
0
0
0
0
0
0
0
0
0
0
0
0
23
fc
f8
1f
0
0
12
e3
fe
d7
0
0
0
0
0
0
0
0
0
0
0
0
0
0
0
0
0
0
76
fe
c2
0
0
0
0
80
fe
f9
0
0
0
0
0
0
0
0
0
0
0
0
0
0
0
0
0
0
31
fe
a9
0
0
0
0
86
fe
f9
0
0
0
0
0
0
0
0
0
0
0
0
0
0
0
0
0
0
7
d3
fc
73
1b
30
84
f5
fe
c7
0
0
0
0
0
0
0
0
0
0
0
0
0
0
0
0
0
0
0
80
fe
fe
fe
fe
fe
fe
e7
12
0
0
0
0
0
0
0
0
0
0
0
0
0
0
0
0
0
0
0
7
6e
c2
fe
fe
fe
a9
11
0
0
0
0
0
0
0
0
0
0
0
0
0
0
0
0
0
0
0
0
0
0
0
0
0
0
0
0
0
0
0
0
0
0
0
0
0
0
0
0
0
0
0
0
0
0
0
0
0
0
0
0
0
0
0
0
0
0
0
0
0
0
0
0
0
0
0
0
0
0
0
0
0
0
0
0
0
0
0
0
0
0
0
0
0
0
0
0
0
0
0
0
0
0
0
0
0
0
0
0
0
0
0
0
0
0
0
0
0
0
0
0
0
0
0
0
0
0
0
0
0
0
0
0
0
0
0
0
0
0
0
0
0
0
0
0
0
0
0
0
0
0
0
0
0
0
0
0
0
0
0
0
0
0
0
0
0
0
0
0
0
0
0
0
0
0
0
0
0
0
0
0
0
0
0
0
0
0
0
0
0
0
0
0
0
0
0
0
0
0
0
0
0
0
0
0
0
0
0
0
0
0
0
0
0
0
0
0
0
0
0
0
0
0
0
0
0
0
0
0
0
0
0
0
0
0
0
0
0
0
0
0
0
0
0
0
0
0
0
0
0
0
0
0
0
0
0
0
0
72
c3
67
0
0
0
0
0
0
0
0
0
0
0
0
0
0
0
0
0
0
0
0
0
0
0
44
e7
fb
fd
a0
0
0
0
0
0
0
0
0
0
0
0
0
0
0
0
0
0
0
0
0
0
0
24
f0
e6
f2
fd
ca
9
0
0
0
0
0
0
0
0
0
0
0
0
0
0
0
0
0
0
0
0
11
e0
b9
0
26
98
fd
7f
0
0
0
0
0
0
0
0
0
0
0
0
0
0
0
0
0
0
0
0
c6
ef
19
0
0
74
fe
b9
0
0
0
0
0
0
0
0
0
0
0
0
0
0
0
0
0
0
0
37
f3
80
0
0
0
74
fd
b8
0
0
0
0
0
0
0
0
0
0
0
0
0
0
0
0
0
0
0
ed
df
19
0
0
0
74
fd
b8
0
0
0
0
0
0
0
0
0
0
0
0
0
0
0
0
0
0
44
fe
51
0
0
0
0
74
fd
b8
0
0
0
0
0
0
0
0
0
0
0
0
0
0
0
0
0
0
97
fe
17
0
0
0
d
bb
fe
b9
0
0
0
0
0
0
0
0
0
0
0
0
0
0
0
0
0
0
b8
fe
17
0
0
d
97
fd
fd
b8
0
0
0
0
0
0
0
0
0
0
0
0
0
0
0
0
0
0
b0
fe
17
0
33
bb
fd
ec
fd
b8
0
0
0
0
0
0
0
0
0
0
0
0
0
0
0
0
0
0
5d
fe
8c
65
ea
fe
b9
24
fd
d2
9
0
0
0
0
0
0
0
0
0
0
0
0
0
0
0
0
0
0
e5
fe
fe
cb
a0
9
18
fe
fe
30
0
0
0
0
0
0
0
0
0
0
0
0
0
0
0
0
0
0
f
6b
6b
6
0
0
3
be
fe
62
0
0
0
0
0
0
0
0
0
0
0
0
0
0
0
0
0
0
0
0
0
0
0
0
0
b0
fe
63
0
0
0
0
0
0
0
0
0
0
0
0
0
0
0
0
0
0
0
0
0
0
0
0
0
5d
fe
b6
0
0
0
0
0
0
0
0
0
0
0
0
0
0
0
0
0
0
0
0
0
0
0
0
0
0
ff
cf
0
0
0
0
0
0
0
0
0
0
0
0
0
0
0
0
0
0
0
0
0
0
0
0
0
0
a9
f9
3b
0
0
0
0
0
0
0
0
0
0
0
0
0
0
0
0
0
0
0
0
0
0
0
0
0
50
fb
d7
18
0
0
0
0
0
0
0
0
0
0
0
0
0
0
0
0
0
0
0
0
0
0
0
0
0
50
ca
fd
22
0
0
0
0
0
0
0
0
0
0
0
0
0
0
0
0
0
0
0
0
0
0
0
0
0
0
0
0
0
0
0
0
0
0
0
0
0
0
0
0
0
0
0
0
0
0
0
0
0
0
0
0
0
0
0
0
0
0
0
0
0
0
0
0
0
0
0
0
0
0
0
0
0
0
0
0
0
0
0
0
0
0
0
0
0
0
0
0
0
0
