00 00 00 00 00 00 00 00 00 00 00 00 00 00 00 00 00 00 00 00 00 00 00 00 00 00 00 00
00 00 00 00 00 00 00 00 00 00 00 00 00 00 00 00 00 00 00 00 00 00 00 00 00 00 00 00
00 00 00 00 00 00 00 00 00 00 00 00 00 00 00 00 00 00 00 00 00 00 00 00 00 00 00 00
00 00 00 00 00 00 00 00 00 00 00 00 00 00 00 00 00 00 00 00 00 00 00 00 00 00 00 00
00 00 00 00 00 00 00 00 00 00 00 00 00 00 00 00 00 00 00 00 00 00 00 00 00 00 00 00
00 00 00 00 00 00 00 00 00 00 00 00 00 00 00 00 00 00 00 00 00 00 00 00 00 00 00 00
00 00 00 00 00 00 00 00 00 00 00 00 00 40 BF FF FF 00 00 00 00 00 00 00 00 00 00 00
00 00 00 00 00 00 00 00 00 00 00 00 80 FF FF FF FF 00 00 00 00 00 00 00 00 00 00 00
00 00 00 00 00 00 00 00 00 00 00 00 FF FF FF FF FF 00 00 00 00 00 00 00 00 00 00 00
00 00 00 00 00 00 00 00 00 00 00 BF FF FF FF FF FF BF 00 00 00 00 00 00 00 00 00 00
00 00 00 00 00 00 00 00 00 00 40 FF FF FF 00 FF FF FF 00 00 00 00 00 00 00 00 00 00
00 00 00 00 00 00 00 00 00 40 BF BF FF BF 00 BF FF FF 00 00 00 00 00 00 00 00 00 00
00 00 00 00 00 00 00 00 00 80 FF FF BF 40 00 40 FF FF 40 00 00 00 00 00 00 00 00 00
00 00 00 00 00 00 00 00 40 FF FF 40 00 00 00 00 BF FF 80 40 40 00 00 00 00 00 00 00
00 00 00 00 00 00 00 00 FF FF FF 40 00 00 00 00 80 FF FF BF 00 00 00 00 00 00 00 00
00 00 00 00 00 00 00 BF FF FF 80 00 00 00 00 00 40 FF FF BF 00 00 00 00 00 00 00 00
00 00 00 00 00 00 80 FF FF FF 80 00 00 00 00 00 00 FF FF FF 00 00 00 00 00 00 00 00
00 00 00 00 00 00 40 40 80 BF 00 00 00 00 00 00 00 FF FF FF BF 00 00 00 00 00 00 00
00 00 00 00 00 00 00 00 00 00 00 00 00 00 00 00 40 FF FF FF 40 00 00 00 00 00 00 00
00 00 00 00 00 00 00 00 00 00 00 00 00 00 00 40 BF BF FF 40 00 00 00 00 00 00 00 00
00 00 00 00 00 00 00 00 00 00 00 00 00 00 00 BF FF 00 FF 00 00 00 00 00 00 00 00 00
00 00 00 00 00 00 00 00 00 00 00 00 00 00 40 FF FF BF 40 00 00 00 00 00 00 00 00 00
00 00 00 00 00 00 00 00 00 00 00 00 00 00 40 FF FF 00 00 00 00 00 00 00 00 00 00 00
00 00 00 00 00 00 00 00 00 00 00 00 00 80 BF FF BF 00 00 00 00 00 00 00 00 00 00 00
00 00 00 00 00 00 00 00 00 00 00 00 00 80 FF BF 00 00 00 00 00 00 00 00 00 00 00 00
00 00 00 00 00 00 00 00 00 00 00 00 00 40 FF 00 00 00 00 00 00 00 00 00 00 00 00 00
00 00 00 00 00 00 00 00 00 00 00 00 00 00 00 00 00 00 00 00 00 00 00 00 00 00 00 00
00 00 00 00 00 00 00 00 00 00 00 00 00 00 00 00 00 00 00 00 00 00 00 00 00 00 00 00
