0
0
0
0
0
0
0
0
0
0
0
0
0
0
0
0
0
0
0
0
0
0
0
0
0
0
0
0
0
0
0
0
0
0
0
0
0
0
0
0
0
0
0
0
0
0
0
0
0
0
0
0
0
0
0
0
0
0
0
0
0
0
0
0
0
0
0
0
0
0
0
0
0
0
0
0
0
0
0
0
0
0
0
0
0
0
0
0
0
0
0
0
0
0
0
0
0
0
0
0
0
0
0
0
0
0
0
0
0
0
0
0
0
0
0
0
0
0
0
0
0
0
0
0
0
3
80
195
85
80
80
80
14
0
0
0
0
0
0
0
0
0
0
0
0
0
0
0
0
0
0
0
0
9
253
253
253
253
253
253
152
0
0
0
0
0
0
0
0
0
0
0
0
0
0
0
0
11
62
56
0
9
253
253
253
253
253
253
251
237
57
0
0
0
0
0
0
0
0
0
0
0
0
0
0
141
253
241
83
4
161
253
253
253
253
253
253
253
60
0
0
0
0
0
0
0
0
0
0
0
0
11
141
248
253
253
147
0
73
209
252
253
253
253
253
253
212
0
0
0
0
0
0
0
0
0
0
0
0
147
253
253
253
253
199
34
0
0
160
253
142
194
253
253
244
77
0
0
0
0
0
0
0
0
0
9
136
250
253
253
253
253
253
69
0
0
15
52
5
27
201
253
253
156
0
0
0
0
0
0
0
0
0
80
253
253
253
253
253
253
209
41
0
0
0
0
0
0
36
253
253
196
33
0
0
0
0
0
0
0
0
86
253
253
253
253
253
234
41
0
0
0
0
0
0
0
42
253
253
253
78
0
0
0
0
0
0
0
0
254
253
253
253
253
253
165
0
0
0
0
0
0
0
0
211
253
253
253
78
0
0
0
0
0
0
0
0
254
253
253
253
253
172
18
0
0
0
0
0
0
0
0
211
253
253
253
78
0
0
0
0
0
0
0
0
254
253
253
253
210
4
0
0
0
0
0
0
42
229
246
252
253
253
159
3
0
0
0
0
0
0
0
0
254
253
253
253
209
0
0
0
0
0
99
149
210
253
253
253
253
242
65
0
0
0
0
0
0
0
0
0
255
253
253
253
218
53
53
53
180
228
244
253
253
253
253
253
253
77
0
0
0
0
0
0
0
0
0
0
163
253
253
253
253
253
253
253
253
253
253
253
253
253
253
253
193
29
0
0
0
0
0
0
0
0
0
0
80
253
253
253
253
253
253
253
253
253
253
253
253
253
234
193
24
0
0
0
0
0
0
0
0
0
0
0
44
210
253
253
253
253
253
253
253
253
253
253
253
229
67
0
0
0
0
0
0
0
0
0
0
0
0
0
0
38
228
253
253
253
253
253
253
253
253
248
235
65
0
0
0
0
0
0
0
0
0
0
0
0
0
0
0
0
39
210
253
253
253
253
253
253
189
114
0
0
0
0
0
0
0
0
0
0
0
0
0
0
0
0
0
0
0
43
108
253
253
179
78
78
27
0
0
0
0
0
0
0
0
0
0
0
0
0
0
0
0
0
0
0
0
0
0
0
0
0
0
0
0
0
0
0
0
0
0
0
0
0
0
0
0
0
0
0
0
0
0
0
0
0
0
0
0
0
0
0
0
0
0
0
0
0
0
0
0
0
0
0
0
0
0
0
0
0
0
0
0
0
0
0
0
0
0
0
0
0
0
0
0
0
0
0
0
0
0
0
0
0
0
0
0
0
0
0
0
0
0
0
0
0
0
0
0
0
0
0
0
0
0
0
0
0
0
0
0
0
0
0
0
0
0
0
0
0
0
0
0
0
0
0
0
0
0
0
0
0
0
0
0
0
0
0
0
0
0
0
0
0
0
0
0
0
0
0
0
0
0
0
0
0
0
0
0
0
0
0
0
0
0
0
0
0
0
0
0
0
0
0
0
0
0
0
0
0
0
0
0
0
0
0
0
0
0
0
0
0
0
0
0
0
0
0
0
0
0
0
0
0
0
0
0
0
0
0
0
0
0
0
0
0
0
0
0
0
0
0
0
0
0
0
0
0
0
0
0
0
0
0
218
253
11
0
0
0
0
0
0
0
0
0
0
0
0
0
0
0
0
0
0
0
0
0
0
0
0
0
217
252
92
0
0
0
0
0
0
0
0
0
0
0
0
0
0
0
0
0
0
0
0
0
0
0
0
0
200
252
252
0
0
0
0
0
0
0
0
0
0
0
0
0
0
0
0
0
0
0
0
0
0
0
0
0
79
204
250
24
0
0
0
0
0
0
0
0
0
0
0
0
0
0
0
0
0
0
0
0
0
0
0
0
0
79
249
149
0
0
0
0
0
0
0
0
0
0
0
0
0
0
0
0
0
0
0
0
0
0
0
0
0
109
252
241
0
0
0
0
0
0
0
0
0
0
0
0
0
0
0
0
0
0
0
0
0
0
0
0
0
207
252
241
0
0
0
0
0
0
0
0
0
0
0
0
0
0
0
0
0
0
0
0
0
0
0
0
0
126
252
241
0
0
0
0
0
0
0
0
0
0
0
0
0
0
0
0
0
0
0
0
0
0
0
0
0
160
252
241
0
0
0
0
0
0
0
0
0
0
0
0
0
0
0
0
0
0
0
0
0
0
0
0
0
229
252
253
103
0
0
0
0
0
0
0
0
0
0
0
0
0
0
0
0
0
0
0
0
0
0
0
0
53
184
255
171
0
0
0
0
0
0
0
0
0
0
0
0
0
0
0
0
0
0
0
0
0
0
0
0
0
121
253
228
0
0
0
0
0
0
0
0
0
0
0
0
0
0
0
0
0
0
0
0
0
0
0
0
0
121
253
228
0
0
0
0
0
0
0
0
0
0
0
0
0
0
0
0
0
0
0
0
0
0
0
0
0
121
253
228
0
0
0
0
0
0
0
0
0
0
0
0
0
0
0
0
0
0
0
0
0
0
0
0
0
121
253
228
0
0
0
0
0
0
0
0
0
0
0
0
0
0
0
0
0
0
0
0
0
0
0
0
0
213
253
235
28
0
0
0
0
0
0
0
0
0
0
0
0
0
0
0
0
0
0
0
0
0
0
0
0
201
253
252
96
0
0
0
0
0
0
0
0
0
0
0
0
0
0
0
0
0
0
0
0
0
0
0
0
121
253
252
96
0
0
0
0
0
0
0
0
0
0
0
0
0
0
0
0
0
0
0
0
0
0
0
0
121
253
252
96
0
0
0
0
0
0
0
0
0
0
0
0
0
0
0
0
0
0
0
0
0
0
0
0
64
195
241
50
0
0
0
0
0
0
0
0
0
0
0
0
0
0
0
0
0
0
0
0
0
0
0
0
0
0
0
0
0
0
0
0
0
0
0
0
0
0
0
0
0
0
0
0
0
0
0
0
0
0
0
0
0
0
0
0
0
0
0
0
0
0
0
0
0
0
0
0
0
0
0
0
0
0
0
0
0
0
0
0
0
0
0
0
0
0
0
0
0
0
0
0
0
0
0
0
0
0
0
0
0
0
0
0
0
0
0
0
0
0
0
0
0
0
0
0
0
0
0
0
0
0
0
0
0
0
0
0
0
0
0
0
0
0
0
0
0
0
0
0
0
0
0
0
0
0
0
0
0
0
0
0
0
0
0
0
0
0
0
0
0
0
0
0
0
0
0
0
0
0
0
0
0
0
0
0
0
0
0
0
0
0
0
0
0
0
0
0
0
0
0
0
0
0
0
0
0
0
0
0
0
0
0
0
0
0
0
0
0
0
0
0
0
0
0
0
0
0
0
0
0
0
0
0
0
0
0
0
0
0
0
0
0
0
0
0
0
0
0
0
0
0
0
0
0
0
0
36
125
191
218
255
254
254
241
51
0
0
0
0
0
0
0
0
0
0
0
0
0
0
0
0
0
0
204
249
253
253
253
253
253
253
253
250
235
0
0
0
0
0
0
0
0
0
0
0
0
0
0
0
88
241
251
253
225
142
49
12
12
12
105
253
253
111
0
0
0
0
0
0
0
0
0
0
0
0
0
95
225
253
167
113
14
0
0
0
0
0
16
211
253
117
0
0
0
0
0
0
0
0
0
0
0
0
91
238
253
170
28
0
0
0
0
0
0
0
0
150
253
117
0
0
0
0
0
0
0
0
0
0
0
98
251
218
48
5
0
0
0
0
0
0
0
0
0
150
253
117
0
0
0
0
0
0
0
0
0
0
0
112
253
112
0
0
0
0
0
0
0
0
0
0
9
184
242
18
0
0
0
0
0
0
0
0
0
0
0
20
45
5
0
0
0
0
0
0
0
0
0
0
67
253
240
0
0
0
0
0
0
0
0
0
0
0
0
0
0
0
0
0
0
0
0
0
0
0
0
27
234
248
105
0
0
0
0
0
0
0
0
0
0
0
0
0
0
0
0
0
0
0
0
0
0
0
44
157
253
132
0
0
0
0
0
0
0
0
0
0
0
0
0
0
0
0
0
0
0
0
0
0
0
11
189
253
203
27
0
0
0
0
0
0
0
0
0
0
0
0
0
0
0
0
0
0
0
0
0
0
11
156
253
246
77
0
0
0
0
0
0
0
0
0
0
0
0
0
0
0
0
0
0
0
0
0
0
11
156
253
202
68
0
0
0
0
0
0
0
0
0
0
0
0
0
0
0
0
0
0
0
0
0
0
11
156
253
226
71
0
0
0
0
0
0
0
0
0
0
0
0
0
0
0
0
0
0
30
33
33
140
163
186
253
226
38
0
0
0
0
0
0
0
0
0
0
0
0
0
0
0
0
0
12
81
244
253
253
253
253
253
253
253
186
70
23
0
0
22
156
77
0
0
0
0
0
0
0
0
0
80
195
253
253
253
253
253
248
234
166
248
253
253
240
150
73
144
104
51
0
0
0
0
0
0
0
0
7
248
253
253
253
253
253
242
105
0
0
107
242
253
253
253
245
160
0
0
0
0
0
0
0
0
0
0
57
250
253
253
253
247
135
21
0
0
0
0
21
117
183
183
48
0
0
0
0
0
0
0
0
0
0
0
0
121
123
176
135
16
0
0
0
0
0
0
0
0
0
0
0
0
0
0
0
0
0
0
0
0
0
0
0
0
0
0
0
0
0
0
0
0
0
0
0
0
0
0
0
0
0
0
0
0
0
0
0
0
0
0
0
0
0
0
0
0
0
0
0
0
0
0
0
0
0
0
0
0
0
0
0
0
0
0
0
0
0
0
0
0
0
0
0
0
0
0
0
0
0
0
0
0
0
0
0
0
0
0
0
0
0
0
0
0
0
0
0
0
0
0
0
0
0
0
0
0
0
0
0
0
0
0
0
0
0
0
0
0
0
0
0
0
0
0
0
0
0
0
0
0
0
0
0
0
0
0
0
0
0
0
0
0
0
0
0
0
0
0
0
0
0
0
0
0
0
0
0
0
0
0
0
0
0
0
0
0
0
0
0
0
0
0
0
0
0
0
0
0
0
0
0
0
0
0
0
0
0
0
0
0
0
0
0
0
0
0
0
0
0
0
0
0
0
0
0
0
0
0
0
0
0
0
0
0
0
0
0
0
0
0
0
0
0
0
0
0
0
0
0
0
0
0
0
0
0
0
0
0
0
0
0
23
151
255
254
163
32
0
0
0
0
0
0
0
0
0
0
0
0
0
0
0
0
0
0
0
0
0
23
211
253
253
253
253
68
0
0
0
0
0
0
0
0
0
0
0
0
0
0
0
0
0
0
0
0
0
155
241
152
135
248
253
185
0
0
0
0
0
0
0
0
0
0
0
0
0
0
0
0
0
0
0
0
0
140
84
0
0
162
247
192
6
0
0
0
0
0
0
0
0
0
0
0
0
0
0
0
0
0
0
0
0
0
0
0
0
7
194
253
55
0
0
0
0
0
0
0
0
0
0
0
0
0
0
0
0
0
0
0
0
0
0
0
0
56
253
253
55
0
0
0
0
0
0
0
0
0
0
0
0
0
0
0
0
0
0
0
0
0
0
0
0
78
253
208
19
0
0
0
0
0
0
0
0
0
0
0
0
0
0
0
0
0
0
0
0
0
0
0
0
180
253
185
0
0
0
0
0
0
0
0
0
0
0
0
0
0
0
0
0
0
0
0
0
0
0
0
36
232
253
200
56
11
0
0
0
0
0
0
0
0
0
0
0
0
0
0
0
0
0
0
0
0
0
0
50
253
253
253
253
159
41
0
0
0
0
0
0
0
0
0
0
0
0
0
0
0
0
0
0
0
0
0
37
185
235
253
253
253
190
10
0
0
0
0
0
0
0
0
0
0
0
0
0
0
0
0
0
0
0
0
0
0
41
89
201
253
253
206
24
0
0
0
0
0
0
0
0
0
0
0
0
0
0
0
0
0
0
0
0
0
0
0
15
214
253
253
30
0
0
0
0
0
0
0
0
0
0
0
0
0
0
0
0
0
0
0
0
0
0
0
0
205
253
253
30
0
0
0
0
0
0
0
0
0
0
0
0
0
0
0
0
0
0
0
0
0
0
26
129
246
253
219
19
0
0
0
0
0
0
0
0
0
0
0
0
0
0
0
0
0
0
0
0
0
74
202
253
253
219
37
0
0
0
0
0
0
0
0
0
0
0
0
0
0
0
0
0
0
0
0
97
230
247
253
253
168
37
0
0
0
0
0
0
0
0
0
0
0
0
0
0
0
0
0
0
0
0
96
248
253
253
253
129
4
0
0
0
0
0
0
0
0
0
0
0
0
0
0
0
0
0
0
0
0
0
167
253
253
253
130
3
0
0
0
0
0
0
0
0
0
0
0
0
0
0
0
0
0
0
0
0
0
0
107
253
226
38
2
0
0
0
0
0
0
0
0
0
0
0
0
0
0
0
0
0
0
0
0
0
0
0
0
0
0
0
0
0
0
0
0
0
0
0
0
0
0
0
0
0
0
0
0
0
0
0
0
0
0
0
0
0
0
0
0
0
0
0
0
0
0
0
0
0
0
0
0
0
0
0
0
0
0
0
0
0
0
0
0
0
0
0
0
0
0
0
0
0
0
0
0
0
0
0
0
0
0
0
0
0
0
0
0
0
0
0
0
0
0
0
0
0
0
0
0
0
0
0
0
0
0
0
0
0
0
0
0
0
0
0
0
0
0
0
0
0
0
0
0
0
0
0
0
0
0
0
0
0
0
0
0
0
0
0
0
0
0
0
0
0
0
0
0
0
0
0
0
0
0
0
0
0
0
0
0
0
0
0
0
0
0
0
0
0
0
0
0
0
0
0
0
0
0
0
0
0
0
0
0
0
0
0
0
0
0
0
0
0
0
0
0
0
0
0
0
0
0
0
0
0
0
0
0
0
0
0
0
0
0
0
0
0
0
0
0
0
0
0
0
0
0
0
0
0
0
0
0
0
0
0
0
0
0
0
0
0
0
0
0
0
0
0
0
0
0
0
0
0
0
0
0
0
0
0
0
0
0
0
0
0
0
0
0
0
0
0
0
0
0
0
0
0
0
0
0
0
0
0
0
0
0
4
111
133
82
1
0
0
0
3
100
168
214
19
0
0
0
0
0
0
0
0
0
0
0
0
0
0
0
85
253
253
253
11
0
0
4
127
253
253
253
36
0
0
0
0
0
0
0
0
0
0
0
0
0
0
56
231
253
253
238
10
0
0
37
253
253
253
253
111
0
0
0
0
0
0
0
0
0
0
0
0
0
0
182
253
253
253
144
0
0
0
37
253
253
253
253
133
0
0
0
0
0
0
0
0
0
0
0
0
0
64
233
253
253
253
58
0
0
0
37
253
253
253
253
36
0
0
0
0
0
0
0
0
0
0
0
0
11
194
253
253
253
253
24
0
4
85
202
253
253
253
253
36
0
0
0
0
0
0
0
0
0
0
0
0
37
253
253
253
253
253
101
85
209
253
253
253
253
253
184
7
0
0
0
0
0
0
0
0
0
0
0
0
141
253
253
253
253
253
253
253
254
253
253
253
253
253
65
0
0
0
0
0
0
0
0
0
0
0
0
0
106
253
253
253
253
253
253
253
254
253
253
253
253
187
5
0
0
0
0
0
0
0
0
0
0
0
0
0
37
253
253
253
253
253
253
253
254
253
253
253
253
180
0
0
0
0
0
0
0
0
0
0
0
0
0
0
35
248
242
149
220
242
242
242
244
254
254
255
254
175
0
0
0
0
0
0
0
0
0
0
0
0
0
0
0
52
0
0
0
0
0
0
6
191
253
253
253
60
0
0
0
0
0
0
0
0
0
0
0
0
0
0
0
0
0
0
0
0
0
0
0
145
253
253
253
77
0
0
0
0
0
0
0
0
0
0
0
0
0
0
0
0
0
0
0
0
0
0
9
218
253
253
253
180
0
0
0
0
0
0
0
0
0
0
0
0
0
0
0
0
0
0
0
0
0
0
42
253
253
253
253
151
0
0
0
0
0
0
0
0
0
0
0
0
0
0
0
0
0
0
0
0
0
0
226
253
253
253
253
60
0
0
0
0
0
0
0
0
0
0
0
0
0
0
0
0
0
0
0
0
0
99
254
253
253
253
253
60
0
0
0
0
0
0
0
0
0
0
0
0
0
0
0
0
0
0
0
0
0
122
254
253
253
253
230
37
0
0
0
0
0
0
0
0
0
0
0
0
0
0
0
0
0
0
0
0
0
12
254
253
253
253
83
0
0
0
0
0
0
0
0
0
0
0
0
0
0
0
0
0
0
0
0
0
0
0
254
253
160
11
4
0
0
0
0
0
0
0
0
0
0
0
0
0
0
0
0
0
0
0
0
0
0
0
0
0
0
0
0
0
0
0
0
0
0
0
0
0
0
0
0
0
0
0
0
0
0
0
0
0
0
0
0
0
0
0
0
0
0
0
0
0
0
0
0
0
0
0
0
0
0
0
0
0
0
0
0
0
0
0
0
0
0
0
0
0
0
0
0
0
0
0
0
0
0
0
0
0
0
0
0
0
0
0
0
0
0
0
0
0
0
0
0
0
0
0
0
0
0
0
0
0
0
0
0
0
0
0
0
0
0
0
0
0
0
0
0
0
0
0
0
0
0
0
0
0
0
0
0
0
0
0
0
0
0
0
0
0
0
0
0
0
0
0
0
0
0
0
0
0
0
0
0
0
0
0
0
0
0
0
0
0
0
0
0
0
0
0
0
0
0
0
0
0
0
0
0
0
0
0
0
0
0
0
0
0
0
0
0
0
0
0
0
0
0
0
0
0
0
0
0
0
0
0
0
0
0
0
0
9
77
50
0
0
0
0
0
0
0
0
0
0
0
0
0
0
0
0
0
0
0
0
2
63
119
171
242
243
202
98
0
0
0
0
0
0
0
0
0
0
0
0
0
0
0
49
21
0
24
119
204
254
255
227
128
107
7
0
0
0
0
0
0
0
0
0
0
0
0
0
0
30
187
254
232
215
234
254
241
159
74
18
0
0
0
0
0
0
0
0
0
0
0
0
0
0
0
0
18
217
254
254
254
251
221
105
34
0
0
0
0
0
0
0
0
0
0
0
0
0
0
0
0
0
0
18
199
254
254
249
162
66
0
0
0
0
0
0
0
0
0
0
0
0
0
0
0
0
0
0
0
0
0
187
254
254
196
31
0
0
0
0
0
0
0
0
0
0
0
0
0
0
0
0
0
0
0
0
0
0
57
240
254
163
2
0
0
0
0
0
0
0
0
0
0
0
0
0
0
0
0
0
0
0
0
0
0
0
222
254
161
5
0
0
0
0
0
0
0
0
0
0
0
0
0
0
0
0
0
0
0
0
0
0
0
34
242
248
76
34
107
134
218
177
93
26
0
0
0
0
0
0
0
0
0
0
0
0
0
0
0
0
0
117
254
248
241
243
254
235
223
240
254
236
102
0
0
0
0
0
0
0
0
0
0
0
0
0
0
0
0
198
254
254
201
144
58
22
0
31
142
250
233
104
0
0
0
0
0
0
0
0
0
0
0
0
0
0
0
18
151
85
15
0
0
0
0
0
0
132
254
175
1
0
0
0
0
0
0
0
0
0
0
0
0
0
0
0
0
0
0
0
0
0
0
0
0
108
254
254
9
0
0
0
0
0
0
0
0
0
0
0
0
0
0
0
0
0
0
0
0
0
0
0
33
209
254
176
1
0
0
0
0
0
0
0
0
0
0
0
0
0
0
0
0
0
0
0
0
0
0
64
228
254
233
45
0
0
0
0
0
0
0
0
0
0
0
0
0
0
0
0
0
0
0
0
14
98
182
250
254
231
79
0
0
0
0
0
0
0
0
0
0
0
0
0
0
0
28
27
27
103
117
151
222
254
254
240
142
28
0
0
0
0
0
0
0
0
0
0
0
0
0
0
0
0
242
249
250
253
247
245
241
184
100
30
0
0
0
0
0
0
0
0
0
0
0
0
0
0
0
0
0
0
0
46
49
65
34
20
0
0
0
0
0
0
0
0
0
0
0
0
0
0
0
0
0
0
0
0
0
0
0
0
0
0
0
0
0
0
0
0
0
0
0
0
0
0
0
0
0
0
0
0
0
0
0
0
0
0
0
0
0
0
0
0
0
0
0
0
0
0
0
0
0
0
0
0
0
0
0
0
0
0
0
0
0
0
0
0
0
0
0
0
0
0
0
0
0
0
0
0
0
0
0
0
0
0
0
0
0
0
0
0
0
0
0
0
0
0
0
0
0
0
0
0
0
0
0
0
0
0
0
0
0
0
0
0
0
0
0
0
0
0
0
0
0
0
0
0
0
0
0
0
0
0
0
0
0
0
0
0
0
0
0
0
0
0
0
0
0
0
0
0
0
0
0
2
101
147
0
0
0
0
0
0
0
0
0
0
0
0
0
0
0
0
0
0
0
0
0
0
0
0
0
40
252
175
0
0
0
0
0
0
0
0
0
0
0
0
0
0
0
0
0
0
0
0
0
0
0
0
0
213
252
132
0
0
0
0
0
0
0
0
0
0
0
0
0
0
0
0
0
0
0
0
0
0
0
5
147
250
143
3
0
0
0
0
0
0
0
0
0
0
0
0
0
0
0
0
0
0
0
0
0
0
0
80
252
98
0
0
0
0
0
0
0
0
0
0
0
0
0
0
0
0
0
0
0
0
0
0
0
0
0
165
221
14
0
0
0
0
0
0
0
20
19
0
0
0
0
0
0
0
0
0
0
0
0
0
0
0
74
243
110
0
0
0
0
0
0
10
127
236
236
173
0
0
0
0
0
0
0
0
0
0
0
0
0
0
151
197
0
0
0
0
0
0
60
236
252
252
252
248
61
0
0
0
0
0
0
0
0
0
0
0
0
0
242
163
0
0
0
0
0
11
199
252
168
66
212
249
69
0
0
0
0
0
0
0
0
0
0
0
0
44
227
12
0
0
0
0
0
177
252
166
2
0
198
241
0
0
0
0
0
0
0
0
0
0
0
0
0
162
217
0
0
0
0
0
63
255
201
19
0
0
151
242
0
0
0
0
0
0
0
0
0
0
0
0
0
209
149
0
0
0
0
0
187
253
77
0
0
0
198
164
0
0
0
0
0
0
0
0
0
0
0
0
0
209
187
0
0
0
0
0
220
226
13
0
0
46
243
131
0
0
0
0
0
0
0
0
0
0
0
0
0
209
121
0
0
0
0
41
237
211
0
0
12
206
252
26
0
0
0
0
0
0
0
0
0
0
0
0
0
209
192
0
0
0
0
78
252
111
0
0
119
252
170
8
0
0
0
0
0
0
0
0
0
0
0
0
0
209
230
0
0
0
0
78
252
111
0
79
250
252
55
0
0
0
0
0
0
0
0
0
0
0
0
0
0
105
250
132
0
0
0
78
252
164
40
221
237
60
5
0
0
0
0
0
0
0
0
0
0
0
0
0
0
0
175
231
154
13
0
97
252
253
252
252
121
0
0
0
0
0
0
0
0
0
0
0
0
0
0
0
0
0
92
226
252
193
187
236
252
253
252
252
87
0
0
0
0
0
0
0
0
0
0
0
0
0
0
0
0
0
0
46
142
243
252
219
142
157
223
100
2
0
0
0
0
0
0
0
0
0
0
0
0
0
0
0
0
0
0
0
0
0
0
0
0
0
0
0
0
0
0
0
0
0
0
0
0
0
0
0
0
0
0
0
0
0
0
0
0
0
0
0
0
0
0
0
0
0
0
0
0
0
0
0
0
0
0
0
0
0
0
0
0
0
0
0
0
0
0
0
0
0
0
0
0
0
0
0
0
0
0
0
0
0
0
0
0
0
0
0
0
0
0
0
0
0
0
0
0
0
0
0
0
0
0
0
0
0
0
0
0
0
0
0
0
0
0
0
0
0
0
0
0
0
0
0
0
0
0
0
0
0
0
0
0
0
0
0
0
0
0
0
0
0
0
0
0
0
0
0
0
0
0
0
0
0
0
0
0
0
0
0
0
0
0
0
0
0
0
0
0
0
0
0
0
0
0
0
0
0
0
0
0
0
0
0
0
0
0
0
0
0
0
0
0
0
0
0
0
0
0
0
0
0
0
0
0
0
0
0
0
0
0
0
0
0
0
0
0
0
0
0
0
0
0
0
0
0
0
0
0
0
0
0
0
0
0
0
0
0
0
0
0
0
0
0
0
0
0
0
0
0
0
0
0
0
0
0
0
0
0
0
0
0
0
0
0
0
0
0
0
0
0
0
0
0
0
0
0
0
0
0
0
0
0
0
0
0
0
0
0
0
0
0
0
0
0
0
0
0
0
0
0
0
0
0
0
0
0
0
0
0
0
0
0
0
0
0
0
0
0
0
0
0
0
0
0
0
0
0
0
0
0
0
0
0
0
0
0
0
0
0
0
0
0
0
0
0
0
0
0
0
0
0
0
0
0
0
0
0
0
0
0
0
0
0
0
0
0
0
0
0
0
0
16
13
13
44
0
0
0
0
0
0
0
0
0
0
0
0
0
0
0
0
222
251
251
251
229
244
251
251
252
207
208
241
234
183
128
20
0
0
0
0
0
0
0
0
0
0
0
0
181
253
254
254
254
254
254
254
254
254
254
254
254
254
254
249
183
160
100
24
0
0
0
0
0
0
0
0
0
12
13
13
13
13
13
13
88
99
141
115
138
239
254
254
254
254
255
106
0
0
0
0
0
0
0
0
0
0
0
0
0
0
0
0
0
0
0
0
0
13
54
168
237
254
254
249
0
0
0
0
0
0
0
0
0
0
0
0
0
0
0
0
0
0
0
0
0
0
0
0
54
237
254
254
0
0
0
0
0
0
0
0
0
0
0
0
0
0
0
0
0
0
0
0
0
0
0
0
27
223
254
176
0
0
0
0
0
0
0
0
0
0
0
0
0
0
0
0
0
0
0
0
0
0
0
0
146
255
254
105
0
0
0
0
0
0
0
0
0
0
0
0
0
0
0
0
0
0
0
0
0
0
0
42
222
254
159
0
0
0
0
0
0
0
0
0
0
0
0
0
0
0
0
0
0
0
0
0
0
0
26
223
254
238
65
0
0
0
0
0
0
0
0
0
0
0
0
0
0
0
0
0
0
0
0
0
0
27
210
254
253
77
0
0
0
0
0
0
0
0
0
0
0
0
0
0
0
0
0
0
0
0
0
0
5
191
254
252
92
0
0
0
0
0
0
0
0
0
0
0
0
0
0
0
0
0
0
0
0
0
0
0
139
254
254
187
0
0
0
0
0
0
0
0
0
0
0
0
0
0
0
0
0
0
0
0
0
0
0
75
243
254
190
14
0
0
0
0
0
0
0
0
0
0
0
0
0
0
0
0
0
0
0
0
0
0
24
228
254
229
35
0
0
0
0
0
0
0
0
0
0
0
0
0
0
0
0
0
0
0
0
0
0
24
208
254
254
56
0
0
0
0
0
0
0
0
0
0
0
0
0
0
0
0
0
0
0
0
0
0
3
195
254
254
135
15
0
0
0
0
0
0
0
0
0
0
0
0
0
0
0
0
0
0
0
0
0
0
110
254
254
165
15
0
0
0
0
0
0
0
0
0
0
0
0
0
0
0
0
0
0
0
0
0
0
0
193
254
178
31
0
0
0
0
0
0
0
0
0
0
0
0
0
0
0
0
0
0
0
0
0
0
0
0
43
68
0
0
0
0
0
0
0
0
0
0
0
0
0
0
0
0
0
0
0
0
0
0
0
0
0
0
0
0
0
0
0
0
0
0
0
0
0
0
0
0
0
0
0
0
0
0
0
0
0
0
0
0
0
0
0
0
0
0
0
0
0
0
0
0
0
0
0
0
0
0
0
0
0
0
0
0
0
0
0
0
0
0
0
0
0
0
0
0
0
0
0
0
0
0
0
0
0
0
0
0
0
0
0
0
0
0
0
0
0
0
0
0
0
0
0
0
0
0
0
0
0
0
0
0
0
0
0
0
0
0
0
0
0
0
0
0
0
0
0
0
0
0
0
0
0
0
0
0
0
0
0
0
0
0
0
0
0
0
0
0
0
0
0
0
0
0
0
0
0
0
0
0
0
0
0
0
0
0
0
0
0
0
0
0
0
0
0
0
0
0
0
0
0
0
0
0
0
0
0
0
6
75
0
98
185
178
94
19
0
0
0
0
0
0
0
0
0
0
0
0
0
0
0
0
0
15
111
195
238
94
0
208
249
254
254
116
0
0
0
0
0
0
0
0
0
0
0
0
0
0
20
50
107
197
246
183
25
0
0
81
245
254
249
91
0
0
0
0
0
0
0
0
0
0
0
0
18
84
230
254
254
221
86
0
0
1
125
253
254
178
53
0
0
0
0
0
0
0
0
0
0
0
0
0
133
254
254
217
118
4
0
0
62
202
254
241
131
8
0
0
0
0
0
0
0
0
0
0
0
0
0
107
244
254
213
45
0
0
0
62
240
254
220
29
0
0
0
0
0
0
0
0
0
0
0
0
0
0
44
246
254
209
49
0
0
0
31
241
254
221
27
0
0
0
0
0
0
0
0
0
0
0
0
0
0
0
95
254
254
55
0
0
0
17
198
254
218
28
0
0
0
0
0
0
0
0
0
0
0
0
0
0
0
0
27
219
254
233
144
39
42
204
254
205
10
0
0
0
0
0
0
0
0
0
0
0
0
0
0
0
0
0
0
115
248
254
254
244
233
254
223
24
0
0
0
0
0
0
0
0
0
0
0
0
0
0
0
0
0
0
0
0
38
84
168
245
254
254
254
207
115
9
0
0
0
0
0
0
0
0
0
0
0
0
0
0
0
0
0
0
0
0
14
236
254
230
163
237
244
211
80
1
0
0
0
0
0
0
0
0
0
0
0
0
0
0
0
0
0
0
99
254
254
99
0
0
37
225
254
130
8
0
0
0
0
0
0
0
0
0
0
0
0
0
0
0
0
0
71
254
229
12
0
0
0
2
170
254
51
0
0
0
0
0
0
0
0
0
0
0
0
0
0
0
0
0
96
254
254
18
0
0
0
0
81
254
198
0
0
0
0
0
0
0
0
0
0
0
0
0
0
0
0
0
80
254
254
18
0
0
0
0
131
254
119
0
0
0
0
0
0
0
0
0
0
0
0
0
0
0
0
0
5
214
254
78
0
0
0
1
183
244
63
0
0
0
0
0
0
0
0
0
0
0
0
0
0
0
0
0
0
64
253
223
24
0
2
126
254
178
0
0
0
0
0
0
0
0
0
0
0
0
0
0
0
0
0
0
0
0
87
238
222
119
177
254
217
27
0
0
0
0
0
0
0
0
0
0
0
0
0
0
0
0
0
0
0
0
0
18
154
196
196
101
25
0
0
0
0
0
0
0
0
0
0
0
0
0
0
0
0
0
0
0
0
0
0
0
0
0
0
0
0
0
0
0
0
0
0
0
0
0
0
0
0
0
0
0
0
0
0
0
0
0
0
0
0
0
0
0
0
0
0
0
0
0
0
0
0
0
0
0
0
0
0
0
0
0
0
0
0
0
0
0
0
0
0
0
0
0
0
0
0
0
0
0
0
0
0
0
0
0
0
0
0
0
0
0
0
0
0
0
0
0
0
0
0
0
0
0
0
0
0
0
0
0
0
0
0
0
0
0
0
0
0
0
0
0
0
0
0
0
0
0
0
0
0
0
0
0
0
0
0
0
0
0
0
0
0
0
0
0
0
0
0
0
0
0
0
0
0
0
0
0
0
0
0
0
0
0
0
0
0
0
0
0
0
0
0
0
0
0
0
0
0
0
0
0
0
0
0
0
0
0
0
0
0
0
0
0
0
0
0
0
0
0
0
0
0
0
0
0
0
0
0
0
0
0
0
0
0
0
0
0
0
0
0
0
0
0
0
0
0
0
0
0
0
0
0
0
0
0
0
0
0
0
0
0
0
0
0
0
0
0
0
0
0
0
0
0
0
0
0
0
0
0
0
0
0
0
6
116
243
224
246
59
0
31
121
2
0
0
0
0
0
0
0
0
0
0
0
0
0
0
0
0
0
2
149
191
95
8
158
25
17
219
228
21
0
0
0
0
0
0
0
0
0
0
0
0
0
0
0
0
14
173
149
56
0
0
61
5
198
228
44
0
0
0
0
0
0
0
0
0
0
0
0
0
0
0
0
0
86
200
25
0
0
0
0
66
203
75
0
0
0
0
0
0
0
0
0
0
0
0
0
0
0
0
0
0
125
138
0
0
0
0
43
243
230
46
0
0
0
0
0
0
0
0
0
0
0
0
0
0
0
0
0
139
201
6
0
0
0
0
149
252
84
0
0
0
0
0
0
0
0
0
0
0
0
0
0
0
0
0
88
228
10
0
0
0
18
152
253
139
0
0
0
0
0
0
0
0
0
0
0
0
0
0
0
0
0
4
225
96
0
0
2
68
194
224
110
0
0
0
0
0
0
0
0
0
0
0
0
0
0
0
0
0
0
49
229
20
28
60
151
255
249
71
0
0
0
0
0
0
0
0
0
0
0
0
0
0
0
0
0
0
0
41
249
206
253
221
206
246
202
0
0
0
0
0
0
0
0
0
0
0
0
0
0
0
0
0
0
0
0
0
106
196
123
16
135
246
142
0
0
0
0
0
0
0
0
0
0
0
0
0
0
0
0
0
0
0
0
0
0
0
0
110
254
198
5
0
0
0
0
0
0
0
0
0
0
0
0
0
0
0
0
0
0
0
0
0
0
0
29
250
237
25
0
0
0
0
0
0
0
0
0
0
0
0
0
0
0
0
0
0
0
0
0
0
0
3
219
210
24
0
0
0
0
0
0
0
0
0
0
0
0
0
0
0
0
0
0
0
0
0
0
0
0
112
244
0
0
0
0
0
0
0
0
0
0
0
0
0
0
0
0
0
0
0
0
0
0
0
0
0
64
244
124
0
0
0
0
0
0
0
0
0
0
0
0
0
0
0
0
0
0
0
0
0
0
0
0
94
233
164
4
0
0
0
0
0
0
0
0
0
0
0
0
0
0
0
0
0
0
0
0
0
0
0
0
211
222
9
0
0
0
0
0
0
0
0
0
0
0
0
0
0
0
0
0
0
0
0
0
0
0
0
0
211
125
0
0
0
0
0
0
0
0
0
0
0
0
0
0
0
0
0
0
0
0
0
0
0
0
0
24
90
2
0
0
0
0
0
0
0
0
0
0
0
0
0
0
0
0
0
0
0
0
0
0
0
0
0
0
0
0
0
0
0
0
0
0
0
0
0
0
0
0
0
0
0
0
0
0
0
0
0
0
0
0
0
0
0
0
0
0
0
0
0
0
0
0
0
0
0
0
0
0
0
0
0
