00
00
00
00
00
00
00
00
00
00
00
00
00
00
00
00
00
00
00
00
00
00
00
00
00
00
00
00
00
00
00
00
00
00
00
00
00
00
00
00
00
00
00
00
00
00
00
00
00
00
00
00
00
00
00
00
00
00
00
00
00
00
00
00
00
00
00
00
00
00
00
00
00
00
00
00
00
00
00
00
00
00
00
00
00
00
00
00
00
00
00
00
00
00
00
00
00
00
00
00
00
00
00
00
00
00
00
00
00
00
00
00
00
00
00
00
00
00
00
00
00
00
00
00
00
00
00
33
9f
fd
9f
32
00
00
00
00
00
00
00
00
00
00
00
00
00
00
00
00
00
00
00
00
00
00
30
ee
fc
fc
fc
ed
00
00
00
00
00
00
00
00
00
00
00
00
00
00
00
00
00
00
00
00
00
36
e3
fd
fc
ef
e9
fc
39
06
00
00
00
00
00
00
00
00
00
00
00
00
00
00
00
00
00
0a
3c
e0
fc
fd
fc
ca
54
fc
fd
7a
00
00
00
00
00
00
00
00
00
00
00
00
00
00
00
00
00
a3
fc
fc
fc
fd
fc
fc
60
bd
fd
a7
00
00
00
00
00
00
00
00
00
00
00
00
00
00
00
00
33
ee
fd
fd
be
72
fd
e4
2f
4f
ff
a8
00
00
00
00
00
00
00
00
00
00
00
00
00
00
00
30
ee
fc
fc
b3
0c
4b
79
15
00
00
fd
f3
32
00
00
00
00
00
00
00
00
00
00
00
00
00
26
a5
fd
e9
d0
54
00
00
00
00
00
00
fd
fc
a5
00
00
00
00
00
00
00
00
00
00
00
00
07
b2
fc
f0
47
13
1c
00
00
00
00
00
00
fd
fc
c3
00
00
00
00
00
00
00
00
00
00
00
00
39
fc
fc
3f
00
00
00
00
00
00
00
00
00
fd
fc
c3
00
00
00
00
00
00
00
00
00
00
00
00
c6
fd
be
00
00
00
00
00
00
00
00
00
00
ff
fd
c4
00
00
00
00
00
00
00
00
00
00
00
4c
f6
fc
70
00
00
00
00
00
00
00
00
00
00
fd
fc
94
00
00
00
00
00
00
00
00
00
00
00
55
fc
e6
19
00
00
00
00
00
00
00
00
07
87
fd
ba
0c
00
00
00
00
00
00
00
00
00
00
00
55
fc
df
00
00
00
00
00
00
00
00
07
83
fc
e1
47
00
00
00
00
00
00
00
00
00
00
00
00
55
fc
91
00
00
00
00
00
00
00
30
a5
fc
ad
00
00
00
00
00
00
00
00
00
00
00
00
00
00
56
fd
e1
00
00
00
00
00
00
72
ee
fd
a2
00
00
00
00
00
00
00
00
00
00
00
00
00
00
00
55
fc
f9
92
30
1d
55
b2
e1
fd
df
a7
38
00
00
00
00
00
00
00
00
00
00
00
00
00
00
00
55
fc
fc
fc
e5
d7
fc
fc
fc
c4
82
00
00
00
00
00
00
00
00
00
00
00
00
00
00
00
00
00
1c
c7
fc
fc
fd
fc
fc
e9
91
00
00
00
00
00
00
00
00
00
00
00
00
00
00
00
00
00
00
00
00
19
80
fc
fd
fc
8d
25
00
00
00
00
00
00
00
00
00
00
00
00
00
00
00
00
00
00
00
00
00
00
00
00
00
00
00
00
00
00
00
00
00
00
00
00
00
00
00
00
00
00
00
00
00
00
00
00
00
00
00
00
00
00
00
00
00
00
00
00
00
00
00
00
00
00
00
00
00
00
00
00
00
00
00
00
00
00
00
00
00
00
00
00
00
00
00
00
00
00
00
00
00
00
00
00
00
00
00
00
00
00
00
00
00
00
00
00
00
00
00
00
00
00
00
00
00
00
00
00
00
00
00
00
00
00
00 
00 
00 
00 
00 
00 
00 
00 
00 
00 
00 
00 
00 
00 
00 
00 
00 
00 
00 
00 
00 
00 
00 
00 
00 
00 
00 
00
00 
00 
00 
00 
00 
00 
00 
00 
00 
00 
00 
00 
00 
00 
00 
00 
00 
00 
00 
00 
00 
00 
00 
00 
00 
00 
00 
00
00 
00 
00 
00 
00 
00 
00 
00 
00 
00 
00 
00 
00 
00 
00 
00 
00 
00 
00 
00 
00 
00 
00 
00 
00 
00 
00 
00
00 
00 
00 
00 
00 
00 
00 
00 
00 
00 
00 
00 
00 
00 
00 
00 
00 
00 
00 
00 
00 
00 
00 
00 
00 
00 
00 
00
00 
00 
00 
00 
00 
00 
00 
00 
00 
00 
00 
00 
00 
00 
00 
00 
00 
00 
00 
00 
00 
00 
00 
00 
00 
00 
00 
00
00 
00 
00 
00 
00 
00 
00 
00 
00 
00 
00 
00 
00 
00 
00 
00 
00 
00 
7c 
fd 
ff 
3f 
00 
00 
00 
00 
00 
00
00 
00 
00 
00 
00 
00 
00 
00 
00 
00 
00 
00 
00 
00 
00 
00 
00 
60 
f4 
fb 
fd 
3e 
00 
00 
00 
00 
00 
00
00 
00 
00 
00 
00 
00 
00 
00 
00 
00 
00 
00 
00 
00 
00 
00 
00 
7f 
fb 
fb 
fd 
3e 
00 
00 
00 
00 
00 
00
00 
00 
00 
00 
00 
00 
00 
00 
00 
00 
00 
00 
00 
00 
00 
00 
44 
ec 
fb 
d3 
1f 
08 
00 
00 
00 
00 
00 
00
00 
00 
00 
00 
00 
00 
00 
00 
00 
00 
00 
00 
00 
00 
00 
3c 
e4 
fb 
fb 
5e 
00 
00 
00 
00 
00 
00 
00 
00
00 
00 
00 
00 
00 
00 
00 
00 
00 
00 
00 
00 
00 
00 
00 
9b 
fd 
fd 
bd 
00 
00 
00 
00 
00 
00 
00 
00 
00
00 
00 
00 
00 
00 
00 
00 
00 
00 
00 
00 
00 
00 
00 
14 
fd 
fb 
eb 
42 
00 
00 
00 
00 
00 
00 
00 
00 
00
00 
00 
00 
00 
00 
00 
00 
00 
00 
00 
00 
00 
00 
20 
cd 
fd 
fb 
7e 
00 
00 
00 
00 
00 
00 
00 
00 
00 
00
00 
00 
00 
00 
00 
00 
00 
00 
00 
00 
00 
00 
00 
68 
fb 
fd 
b8 
0f 
00 
00 
00 
00 
00 
00 
00 
00 
00 
00
00 
00 
00 
00 
00 
00 
00 
00 
00 
00 
00 
00 
50 
f0 
fb 
c1 
17 
00 
00 
00 
00 
00 
00 
00 
00 
00 
00 
00
00 
00 
00 
00 
00 
00 
00 
00 
00 
00 
00 
20 
fd 
fd 
fd 
9f 
00 
00 
00 
00 
00 
00 
00 
00 
00 
00 
00 
00
00 
00 
00 
00 
00 
00 
00 
00 
00 
00 
00 
97 
fb 
fb 
fb 
27 
00 
00 
00 
00 
00 
00 
00 
00 
00 
00 
00 
00
00 
00 
00 
00 
00 
00 
00 
00 
00 
00 
30 
dd 
fb 
fb 
ac 
00 
00 
00 
00 
00 
00 
00 
00 
00 
00 
00 
00 
00
00 
00 
00 
00 
00 
00 
00 
00 
00 
00 
ea 
fb 
fb 
c4 
0c 
00 
00 
00 
00 
00 
00 
00 
00 
00 
00 
00 
00 
00
00 
00 
00 
00 
00 
00 
00 
00 
00 
00 
fd 
fb 
fb 
59 
00 
00 
00 
00 
00 
00 
00 
00 
00 
00 
00 
00 
00 
00
00 
00 
00 
00 
00 
00 
00 
00 
00 
9f 
ff 
fd 
fd 
1f 
00 
00 
00 
00 
00 
00 
00 
00 
00 
00 
00 
00 
00 
00
00 
00 
00 
00 
00 
00 
00 
00 
30 
e4 
fd 
f7 
8c 
08 
00 
00 
00 
00 
00 
00 
00 
00 
00 
00 
00 
00 
00 
00
00 
00 
00 
00 
00 
00 
00 
00 
40 
fb 
fd 
dc 
00 
00 
00 
00 
00 
00 
00 
00 
00 
00 
00 
00 
00 
00 
00 
00
00 
00 
00 
00 
00 
00 
00 
00 
40 
fb 
fd 
dc 
00 
00 
00 
00 
00 
00 
00 
00 
00 
00 
00 
00 
00 
00 
00 
00
00 
00 
00 
00 
00 
00 
00 
00 
18 
c1 
fd 
dc 
00 
00 
00 
00 
00 
00 
00 
00 
00 
00 
00 
00 
00 
00 
00 
00
00 
00 
00 
00 
00 
00 
00 
00 
00 
00 
00 
00 
00 
00 
00 
00 
00 
00 
00 
00 
00 
00 
00 
00 
00 
00 
00 
00
00 
00 
00 
00 
00 
00 
00 
00 
00 
00 
00 
00 
00 
00 
00 
00 
00 
00 
00 
00 
00 
00 
00 
00 
00 
00 
00 
00
00 
00 
00 
00 
00 
00 
00 
00 
00 
00 
00 
00 
00 
00 
00 
00 
00 
00 
00 
00 
00 
00 
00 
00 
00 
00 
00 
00
00
00
00
00
00
00
00
00
00
00
00
00
00
00
00
00
00
00
00
00
00
00
00
00
00
00
00
00
00
00
00
00
00
00
00
00
00
00
00
00
00
00
00
00
00
00
00
00
00
00
00
00
00
00
00
00
00
00
00
00
00
00
00
00
00
00
00
00
00
00
00
00
00
00
00
00
00
00
00
00
00
00
00
00
00
00
00
00
00
00
00
00
00
00
00
00
00
00
00
00
00
00
00
00
00
00
00
00
00
00
00
00
00
00
00
00
00
00
00
00
00
00
00
00
00
00
00
00
00
00
00
00
00
00
00
00
00
00
00
00
00
00
00
00
00
00
00
00
00
00
00
00
00
00
00
00
00
00
00
00
00
00
00
00
00
00
00
00
00
00
00
00
00
00
00
00
00
29
98
98
98
56
1d
00
00
00
00
00
00
00
00
00
00
00
00
00
00
00
00
00
00
00
00
40
be
f7
fe
fe
fe
fe
e9
33
00
00
00
00
00
00
00
00
00
00
00
00
00
00
00
00
00
00
00
e9
f4
c3
87
d8
f4
fe
fe
25
00
00
00
00
00
00
00
00
00
00
00
00
00
00
00
00
00
00
00
00
00
00
00
00
0b
fe
fe
81
00
00
00
00
00
00
00
00
00
00
00
00
00
00
00
00
00
00
00
00
00
00
00
00
03
b4
fe
d5
00
00
00
00
00
00
00
00
00
00
00
00
00
00
00
00
00
00
00
00
00
00
00
06
77
f7
fe
83
00
00
00
00
00
00
00
00
00
00
00
00
00
00
00
00
00
00
00
00
00
02
4a
c0
fe
f4
a3
08
00
00
00
00
00
00
00
00
00
00
00
00
00
00
00
00
00
00
00
00
1c
8e
fe
fe
fb
55
00
00
00
00
00
00
00
00
00
00
00
00
00
00
00
00
00
00
00
00
00
04
b8
fe
e9
97
1a
00
00
00
00
00
00
00
00
00
00
00
0d
16
0d
00
00
00
00
00
00
00
00
40
fe
f9
00
00
00
00
00
00
00
00
00
28
3c
48
a8
a8
d8
fe
da
00
00
00
00
00
00
00
00
93
fe
fd
8d
43
00
00
4c
63
a7
cf
cf
ee
fe
fe
fe
fe
fe
e3
6f
00
00
00
00
00
00
00
00
06
bb
fe
fe
fb
f5
f5
fc
fe
fe
fe
fe
f8
e3
e3
99
77
3b
08
00
00
00
00
00
00
00
00
00
00
3b
81
e4
fe
fe
fe
fe
fe
d5
bd
58
3e
00
00
00
00
00
00
00
00
00
00
00
00
00
00
00
00
00
00
1a
7c
97
97
97
90
10
00
00
00
00
00
00
00
00
00
00
00
00
00
00
00
00
00
00
00
00
00
00
00
00
00
00
00
00
00
00
00
00
00
00
00
00
00
00
00
00
00
00
00
00
00
00
00
00
00
00
00
00
00
00
00
00
00
00
00
00
00
00
00
00
00
00
00
00
00
00
00
00
00
00
00
00
00
00
00
00
00
00
00
00
00
00
00
00
00
00
00
00
00
00
00
00
00
00
00
00
00
00
00
00
00
00
00
00
00
00
00
00
00
00
00
00
00
00
00
00
00
00
00
00
00
00
00
00
00
00
00
00
00
00
00
00
00
00
00
00
00
00
00
00
00
00
00
00
00
00
00
00
00
00
00
00
00
00
00
00
00
00
00
00
00
00
00
00
00
00
00
00
00
00
00
00
00
00
00
00
00
00
00
00
00
00
00
00
00
00
00
00
00
00
00
00
00
00
00
00
00
00
00
00
00
00
00
00
00
00
00
00
00
00
00
00
00
00
00
00
00
00
00
00
00
00
00
00
00
00
00
00
00
00
00
00
00
00
00
00
00
00
00
00
00
00
00
00
00
00
00
00
00
00
00
00
00
00
00
00
00
00
00
00
00
00
00
00
00
00
00
00
00
00
00
00
00
00
00
00
00
00
00
00
00
00
00
00
00
00
00
00
00
00
00
00
00
00
00
00
00
00
00
00
00
00
00
00
00
00
00
00
00
00
00
00
00
00
00
00
00
00
00
00
00
00
00
00
00
00
00
00
00
00
00
00
00
00
00
00
00
00
00
00
00
00
00
00
00
00
00
00
00
00
00
00
65
de
9f
71
72
0c
00
00
00
00
00
00
00
00
00
00
00
00
00
00
00
00
00
00
00
39
a3
e2
f9
fc
fc
fc
fd
e4
61
00
00
00
00
00
00
00
00
00
00
00
00
00
00
00
00
00
4c
ea
fc
fd
fc
fc
dc
fc
fd
fc
ef
42
00
00
00
00
00
00
00
00
00
00
00
00
00
00
00
00
c5
fc
fc
e1
63
54
25
54
92
f9
fc
b4
0d
00
00
00
00
00
00
00
00
00
00
00
00
00
00
30
e3
fc
ad
00
00
00
00
00
00
e1
fc
fc
70
00
00
00
00
00
00
00
00
00
00
00
00
00
00
56
e4
2f
00
00
00
00
00
00
00
a3
fd
fd
70
00
00
00
00
00
00
00
00
00
00
00
00
00
00
09
15
00
00
00
00
00
00
00
00
55
fc
fc
70
00
00
00
00
00
00
00
00
00
00
00
00
00
00
00
00
00
00
00
00
00
00
00
00
55
fc
fc
bd
00
00
00
00
00
00
00
00
00
00
00
00
00
00
00
00
00
00
00
00
00
00
00
0d
68
fc
fc
70
00
00
00
00
00
00
00
00
00
00
00
00
00
00
00
00
00
00
00
00
00
00
4f
bf
fc
fc
fc
70
00
00
00
00
00
00
00
00
00
00
00
00
00
00
00
00
00
00
00
00
00
1d
fd
ff
fd
fd
fd
fd
3f
00
00
00
00
00
00
00
00
00
00
00
00
00
00
00
00
00
00
00
00
03
98
fd
fc
fc
fc
fc
f1
18
00
00
00
00
00
00
00
00
00
00
00
00
00
00
00
00
00
00
00
00
1f
38
37
37
9b
fc
fd
3b
00
00
00
00
00
00
00
00
00
00
00
00
00
00
00
00
00
00
00
00
00
00
00
00
0a
b1
fd
e0
35
00
00
00
00
00
00
00
00
00
00
00
00
00
00
00
00
30
8c
7e
00
00
00
00
00
3f
fd
fc
c3
00
00
00
00
00
00
00
00
00
00
00
00
00
00
00
00
e2
fd
54
00
00
00
00
00
00
c0
fd
c4
00
00
00
00
00
00
00
00
00
00
00
00
00
00
00
00
e1
fc
ea
92
55
39
00
00
30
9f
fc
c3
00
00
00
00
00
00
00
00
00
00
00
00
00
00
00
00
61
d0
fc
fc
fd
e9
c5
c5
e3
fd
fc
c3
00
00
00
00
00
00
00
00
00
00
00
00
00
00
00
00
00
13
63
df
ed
fc
fc
fc
fc
fd
e2
60
00
00
00
00
00
00
00
00
00
00
00
00
00
00
00
00
00
00
00
00
32
ed
fc
fc
fc
be
0c
00
00
00
00
00
00
00
00
00
00
00
00
00
00
00
00
00
00
00
00
00
00
00
00
00
00
00
00
00
00
00
00
00
00
00
00
00
00
00
00
00
00
00
00
00
00
00
00
00
00
00
00
00
00
00
00
00
00
00
00
00
00
00
00
00
00
00
00
00
00
00
00
00
00
00
00
00
00
00
00
00
00
00
00
00
00
00
00
00
00
00
00
00
00
00
00
00
00
00
00
00
00
00
00
00
00
00
00
00
00
00
00
00
00
00
00
00
00
00
00
00
00
00
00
00
00
00
00
00
00
00
00
00
00
00
00
00
00
00
00
00
00
00
00
00
00
00
00
00
00
00
00
00
00
00
00
00
00
00
00
00
00
00
00
00
00
00
00
00
00
00
00
00
00
00
00
00
00
00
00
00
00
00
00
00
00
00
00
00
00
00
00
00
00
00
00
00
00
00
00
00
00
00
00
00
00
00
00
00
00
00
00
00
00
00
00
00
00
00
00
00
00
00
00
00
00
00
00
00
00
00
00
00
00
00
00
00
00
00
00
00
00
00
00
00
00
00
00
00
00
00
00
00
00
00
00
00
00
00
00
00
00
00
00
00
00
00
00
00
00
00
00
00
00
00
00
00
00
00
07
1d
80
fb
af
00
00
00
00
00
00
00
00
00
00
00
00
00
00
00
00
00
00
00
00
00
00
00
52
fc
fc
7d
00
00
00
00
00
00
00
00
00
00
00
00
00
00
00
00
00
00
00
00
00
00
00
3c
ea
fc
7f
00
00
00
00
00
00
00
00
00
00
00
00
00
00
00
00
00
00
00
00
00
00
00
33
f1
fc
b1
03
00
00
00
00
00
00
00
00
00
00
00
00
00
00
00
00
00
20
8d
f1
f2
2f
0a
b3
ff
b8
00
00
00
00
00
00
00
00
00
00
00
00
00
00
00
00
00
00
2d
bb
fc
fc
d1
29
ac
fc
de
41
00
00
00
00
00
00
00
00
00
00
00
00
00
00
00
00
00
4c
e5
fc
fc
4d
19
5f
fc
fc
71
00
00
00
00
00
00
00
00
00
00
00
00
00
00
00
00
00
26
ed
fd
e3
67
03
4c
f3
fc
ca
0d
00
00
00
00
00
00
00
00
00
00
00
00
00
00
00
00
20
e5
fd
e2
58
00
00
cc
fd
f4
19
00
07
42
1c
00
00
00
00
00
00
00
00
00
00
00
00
00
39
fc
fc
c2
39
39
52
fd
fc
bb
9d
aa
bb
fc
d7
00
00
00
00
00
00
00
00
00
00
00
00
00
39
fc
fc
fd
fc
fc
e4
fd
fc
fc
fc
fd
fc
e0
76
00
00
00
00
00
00
00
00
00
00
00
00
00
07
74
f0
fd
fc
fc
fc
fd
fc
fc
ca
8c
41
13
00
00
00
00
00
00
00
00
00
00
00
00
00
00
00
00
00
72
cf
fd
fd
e2
71
4c
00
00
00
00
00
00
00
00
00
00
00
00
00
00
00
00
00
00
00
00
00
07
bb
fc
e3
26
00
00
00
00
00
00
00
00
00
00
00
00
00
00
00
00
00
00
00
00
00
00
00
75
fc
e0
2b
00
00
00
00
00
00
00
00
00
00
00
00
00
00
00
00
00
00
00
00
00
00
00
00
8d
e3
5e
00
00
00
00
00
00
00
00
00
00
00
00
00
00
00
00
00
00
00
00
00
00
00
00
00
cc
c5
00
00
00
00
00
00
00
00
00
00
00
00
00
00
00
00
00
00
00
00
00
00
00
00
00
00
f7
67
00
00
00
00
00
00
00
00
00
00
00
00
00
00
00
00
00
00
00
00
00
00
00
00
00
7e
89
00
00
00
00
00
00
00
00
00
00
00
00
00
00
00
00
00
00
00
00
00
00
00
00
00
26
ed
3f
00
00
00
00
00
00
00
00
00
00
00
00
00
00
00
00
00
00
00
00
00
00
00
00
00
00
00
00
00
00
00
00
00
00
00
00
00
00
00
00
00
00
00
00
00
00
00
00
00
00
00
00
00
00
00
00
00
00
00
00
00
00
00
00
00
00
00
00
00
00
00
00
00
00
00
00
00
00
00
00
00
00
00
00
00
00
00
00
00
00
00
00
00
00
00
00
00
00
00
00
00
00
00
00
00
00
00
00
00
00
00
00
00
00
00
00
00
00
00
00
00
00
00
00
00
00
00
00
00
00
00
00
00
00
00
00
00
00
00
00
00
00
00
00
00
00
00
00
00
00
00
00
00
00
00
00
00
00
00
00
00
00
00
00
00
00
00
00
00
00
00
00
00
00
00
00
00
00
00
00
00
00
00
00
00
00
00
00
00
00
00
00
00
00
00
00
00
00
00
00
00
00
00
00
00
00
00
00
00
00
00
00
00
00
00
00
00
00
00
00
00
00
00
00
00
00
00
00
00
00
00
00
00
00
00
00
00
00
00
00
00
00
00
00
00
00
00
00
00
00
00
00
00
00
00
00
00
00
00
00
00
00
00
00
00
00
00
00
00
00
00
00
00
00
00
00
00
00
00
00
00
00
02
12
2e
88
88
f4
ff
f1
67
00
00
00
00
00
00
00
00
00
00
00
00
00
00
00
00
00
0f
5e
a3
fd
fd
fd
fd
ee
da
cc
23
00
00
00
00
00
00
00
00
00
00
00
00
00
00
00
00
00
83
fd
fd
fd
fd
ed
c8
39
00
00
00
00
00
00
00
00
00
00
00
00
00
00
00
00
00
00
00
9b
f6
fd
f7
6c
41
2d
00
00
00
00
00
00
00
00
00
00
00
00
00
00
00
00
00
00
00
00
00
cf
fd
fd
e6
00
00
00
00
00
00
00
00
00
00
00
00
00
00
00
00
00
00
00
00
00
00
00
00
9d
fd
fd
7d
00
00
00
00
00
00
00
00
00
00
00
00
00
00
00
00
00
00
00
00
00
00
00
00
59
fd
fa
39
00
00
00
00
00
00
00
00
00
00
00
00
00
00
00
00
00
00
00
00
00
00
00
00
59
fd
f7
00
00
00
00
00
00
00
00
00
00
00
00
00
00
00
00
00
00
00
00
00
00
00
00
00
59
fd
f7
00
00
00
00
00
00
00
00
00
00
00
00
00
00
00
00
00
00
00
00
00
00
00
00
00
59
fd
f7
00
00
00
00
00
00
00
00
00
00
00
00
00
00
00
00
00
00
00
00
00
00
00
00
00
15
e7
f9
22
00
00
00
00
00
00
00
00
00
00
00
00
00
00
00
00
00
00
00
00
00
00
00
00
00
e1
fd
e7
d5
d5
7b
10
00
00
00
00
00
00
00
00
00
00
00
00
00
00
00
00
00
00
00
00
00
ac
fd
fd
fd
fd
fd
be
3f
00
00
00
00
00
00
00
00
00
00
00
00
00
00
00
00
00
00
00
00
02
74
48
7c
d1
fd
fd
8d
00
00
00
00
00
00
00
00
00
00
00
00
00
00
00
00
00
00
00
00
00
00
00
00
19
db
fd
ce
03
00
00
00
00
00
00
00
00
00
00
00
00
00
00
00
00
00
00
00
00
00
00
00
00
68
f6
fd
05
00
00
00
00
00
00
00
00
00
00
00
00
00
00
00
00
00
00
00
00
00
00
00
00
00
d5
fd
05
00
00
00
00
00
00
00
00
00
00
00
00
00
00
00
00
00
00
00
00
00
00
00
00
1a
e2
fd
05
00
00
00
00
00
00
00
00
00
00
00
00
00
00
00
00
00
00
00
00
00
00
00
00
84
fd
d1
03
00
00
00
00
00
00
00
00
00
00
00
00
00
00
00
00
00
00
00
00
00
00
00
00
4e
fd
56
00
00
00
00
00
00
00
00
00
00
00
00
00
00
00
00
00
00
00
00
00
00
00
00
00
00
00
00
00
00
00
00
00
00
00
00
00
00
00
00
00
00
00
00
00
00
00
00
00
00
00
00
00
00
00
00
00
00
00
00
00
00
00
00
00
00
00
00
00
00
00
00
00
00
00
00
00
00
00
00
00
00
00
00
00
00
00
00
00
00
00
00
00
00
00
00
00
00
00
00
00
00
00
00
00
00
00
00
00
00
00
00
00
00
00
00
00
00
00
00
00
00
00
00
00
00
00
00
00
00
00
00
00
00
00
00
00
26
de
e1
00
00
00
00
00
00
00
00
00
00
00
00
00
00
00
00
00
00
00
00
00
00
00
00
93
ea
fc
b0
00
00
00
00
00
00
00
00
00
00
00
00
00
00
00
00
00
00
00
00
00
00
17
c5
fd
fc
d0
13
00
00
00
00
00
00
00
00
00
00
00
00
00
00
00
00
00
00
00
00
00
26
b2
fc
fd
75
41
00
00
00
00
00
00
00
00
00
00
00
00
00
00
00
00
00
00
00
00
00
00
39
fc
fc
fd
59
00
00
00
00
00
00
00
00
00
00
00
00
00
00
00
00
00
00
00
00
00
00
26
de
fd
fd
4f
00
00
00
00
00
00
00
00
00
00
00
00
00
00
00
00
00
00
00
00
00
00
00
83
fc
b3
1b
00
00
00
00
00
00
00
00
00
00
00
00
00
00
00
00
00
00
00
00
00
00
00
c6
f6
dc
25
00
00
00
00
00
00
00
00
00
00
00
00
00
00
00
00
00
00
00
00
00
00
00
4f
fd
fc
87
1c
00
00
00
00
00
00
00
00
00
00
00
00
00
00
00
00
00
00
00
00
00
00
10
8c
fd
fc
76
00
00
00
00
6f
8c
8c
00
00
00
00
00
00
00
00
00
00
00
00
00
00
00
00
0d
bf
ff
fd
38
00
00
72
71
de
fd
fd
ff
1b
00
00
00
00
00
00
00
00
00
00
00
00
00
00
4c
fc
fd
df
25
00
30
ae
fc
fc
f2
d6
fd
c7
1f
00
00
00
00
00
00
00
00
00
00
00
00
0d
6d
fc
e4
82
00
26
a5
fd
e9
a4
31
3f
fd
d6
1f
00
00
00
00
00
00
00
00
00
00
00
00
49
fc
fc
7e
00
17
b2
fc
f0
94
07
2c
d7
f0
94
00
00
00
00
00
00
00
00
00
00
00
00
00
77
fc
fc
00
00
c5
fc
fc
3f
00
39
fc
fc
8c
00
00
00
00
00
00
00
00
00
00
00
00
00
00
87
fd
ae
00
30
e5
fd
70
00
26
de
fd
70
00
00
00
00
00
00
00
00
00
00
00
00
00
00
00
87
fc
ad
00
30
e3
fc
9e
e2
ea
c9
1b
0c
00
00
00
00
00
00
00
00
00
00
00
00
00
00
00
39
fc
fc
39
68
f0
fc
fc
fd
e9
4a
00
00
00
00
00
00
00
00
00
00
00
00
00
00
00
00
00
33
f2
fc
fd
fc
fc
fc
fc
f0
94
00
00
00
00
00
00
00
00
00
00
00
00
00
00
00
00
00
00
00
4b
bd
fd
fc
fc
9d
70
3f
00
00
00
00
00
00
00
00
00
00
00
00
00
00
00
00
00
00
00
00
00
00
00
00
00
00
00
00
00
00
00
00
00
00
00
00
00
00
00
00
00
00
00
00
00
00
00
00
00
00
00
00
00
00
00
00
00
00
00
00
00
00
00
00
00
00
00
00
00
00
00
00
00
00
00
00
00
00
00
00
00
00
00
00
00
00
00
00
00
00
00
00
00
00
00
00
00
00
00
00
00
00
00
00
00
00
00
00
00
00
00
00
00
00
00
00
00
00
00
00
00
00
00
00
00
00
00
00
00
00
00
00
00
00
00
00
00
00
00
00
00
00
00
00
00
00
00
00
00
00
00
00
00
00
00
00
00
00
00
00
00
00
00
00
00
00
00
00
00
00
00
00
00
00
00
00
00
00
00
00
00
00
00
00
00
00
00
00
00
00
00
00
00
00
00
00
00
00
00
00
00
00
00
00
00
00
00
00
00
00
00
00
00
00
00
00
00
00
00
00
00
00
00
00
00
00
00
00
00
00
00
00
00
00
00
00
00
00
00
00
00
00
00
00
00
00
00
00
00
00
00
00
00
00
00
00
00
00
00
00
00
00
00
00
00
00
00
00
00
00
00
00
00
00
00
00
00
00
00
00
00
00
00
00
00
00
00
00
00
00
00
00
00
00
00
00
00
00
00
00
00
00
00
00
00
00
00
00
00
00
00
00
00
00
00
00
00
00
00
00
00
00
00
00
00
00
00
00
00
00
00
00
00
00
00
00
00
00
00
00
00
00
00
00
00
00
00
00
00
00
00
00
00
00
00
00
00
00
00
00
00
00
00
00
00
00
00
00
00
00
00
00
00
00
00
00
00
00
00
00
00
00
00
00
00
00
00
00
f9
ff
30
00
00
00
00
00
00
00
00
00
00
00
00
00
00
00
00
00
00
00
00
00
15
54
06
a7
fd
fd
ed
ea
ea
9f
ea
ea
73
49
00
00
00
00
00
00
00
00
00
00
00
00
00
00
61
f8
d7
fd
fd
b9
b1
e9
fd
fd
fd
fd
fd
bf
00
00
00
00
00
00
00
00
00
00
00
00
00
00
c0
fd
fd
fd
e5
15
00
2d
3d
3d
9b
fd
fd
a1
00
00
00
00
00
00
00
00
00
00
00
00
00
00
ae
fd
fd
fd
32
00
00
00
00
05
d4
fd
f2
2f
00
00
00
00
00
00
00
00
00
00
00
00
00
00
35
f1
f5
a8
03
00
00
00
11
9a
fd
fd
59
00
00
00
00
00
00
00
00
00
00
00
00
00
00
00
00
11
32
00
00
00
00
00
63
fd
fd
c8
11
00
00
00
00
00
00
00
00
00
00
00
00
00
00
00
00
00
00
00
00
00
00
15
cb
fd
c7
0b
00
00
00
00
00
00
00
00
00
00
00
00
00
00
00
00
00
00
00
00
00
00
00
ab
fd
fd
81
00
00
00
00
00
00
00
00
00
00
00
00
00
00
00
00
00
00
00
00
00
00
00
39
f1
fd
d2
18
00
00
00
00
00
00
00
00
00
00
00
00
00
00
00
00
00
00
00
00
00
00
00
aa
fd
e9
1d
00
00
00
00
00
00
00
00
00
00
00
00
00
00
00
00
00
00
00
00
00
00
00
3b
ed
fd
e2
00
00
00
00
00
00
00
00
00
00
00
00
00
00
00
00
00
00
00
00
00
00
00
03
a8
fd
fc
90
00
00
00
00
00
00
00
00
00
00
00
00
00
00
00
00
00
00
00
00
00
00
00
b1
fd
fd
89
00
00
00
00
00
00
00
00
00
00
00
00
00
00
00
00
00
00
00
00
00
00
00
36
fa
fd
bc
04
00
00
00
00
00
00
00
00
00
00
00
00
00
00
00
00
00
00
00
00
00
00
39
ed
fd
af
19
00
00
00
00
00
00
00
00
00
00
00
00
00
00
00
00
00
00
00
00
00
00
00
97
fd
fd
82
00
00
00
00
00
00
00
00
00
00
00
00
00
00
00
00
00
00
00
00
00
00
00
2f
df
fd
eb
16
00
00
00
00
00
00
00
00
00
00
00
00
00
00
00
00
00
00
00
00
00
00
23
df
fd
fd
3a
00
00
00
00
00
00
00
00
00
00
00
00
00
00
00
00
00
00
00
00
00
00
00
38
fd
fd
b6
03
00
00
00
00
00
00
00
00
00
00
00
00
00
00
00
00
00
00
00
00
00
00
00
00
00
00
00
00
00
00
00
00
00
00
00
00
00
00
00
00
00
00
00
00
00
00
00
00
00
00
00
00
00
00
00
00
00
00
00
00
00
00
00
00
00
00
00
00
00
00
00
00
00
00
00
00
00
00
00
00
00
00
00
00
00
00
00
00
00
00
00
00
00
00
00
00
00
00
00
00
00
00
00
00
00
00
00
00
00
00
00
00
00
00
00
00
00
00
00
00
00
00
00
00
00
00
00
00
00
00
00
00
00
00
00
00
00
00
00
00
00
00
00
00
00
00
00
00
00
00
00
00
00
00
00
00
00
00
00
00
00
00
00
00
00
00
00
00
00
00
00
00
00
00
00
00
00
00
00
00
00
00
00
00
00
00
00
00
00
00
00
00
00
04
3e
92
b6
fe
fe
b5
b0
8b
0f
00
00
00
00
00
00
00
00
00
00
00
00
00
00
00
00
00
22
ba
fd
d9
d0
88
88
88
a6
e8
63
00
00
00
00
00
00
00
00
00
00
00
00
00
00
00
00
3d
f2
d0
6f
03
00
00
00
00
00
12
20
6b
2b
00
00
00
00
00
00
00
00
00
00
00
00
00
00
9c
f2
17
00
00
00
00
00
00
00
0d
bf
b5
06
00
00
00
00
00
00
00
00
00
00
00
00
00
00
79
ff
62
03
00
00
00
00
00
08
c2
e1
0c
00
00
00
00
00
00
00
00
00
00
00
00
00
00
00
00
a9
fd
78
03
00
00
00
00
80
f7
33
00
00
00
00
00
00
00
00
00
00
00
00
00
00
00
00
00
03
6f
f4
a9
13
00
0e
83
f9
75
00
00
00
00
00
00
00
00
00
00
00
00
00
00
00
00
00
00
00
00
3b
f1
eb
48
8e
e5
42
00
00
00
00
00
00
00
00
00
00
00
00
00
00
00
00
00
00
00
00
00
00
19
da
fe
e7
24
00
00
00
00
00
00
00
00
00
00
00
00
00
00
00
00
00
00
00
00
00
00
00
00
85
fd
dd
21
00
00
00
00
00
00
00
00
00
00
00
00
00
00
00
00
00
00
00
00
00
00
00
13
ed
6f
c4
d9
13
00
00
00
00
00
00
00
00
00
00
00
00
00
00
00
00
00
00
00
00
00
00
ae
8a
00
17
c1
cc
12
00
00
00
00
00
00
00
00
00
00
00
00
00
00
00
00
00
00
00
00
60
e0
00
00
00
19
da
a9
03
00
00
00
00
00
00
00
00
00
00
00
00
00
00
00
00
00
00
00
d7
8a
00
00
00
00
56
fd
63
00
00
00
00
00
00
00
00
00
00
00
00
00
00
00
00
00
00
00
d7
61
00
00
00
00
03
a2
d6
0b
00
00
00
00
00
00
00
00
00
00
00
00
00
00
00
00
00
00
d7
61
00
00
00
00
00
76
fd
44
00
00
00
00
00
00
00
00
00
00
00
00
00
00
00
00
00
00
b9
9d
00
00
00
00
00
28
fe
62
00
00
00
00
00
00
00
00
00
00
00
00
00
00
00
00
00
00
32
f4
3d
00
00
00
00
70
f4
3a
00
00
00
00
00
00
00
00
00
00
00
00
00
00
00
00
00
00
00
ae
fb
8e
3b
53
a7
f4
6f
00
00
00
00
00
00
00
00
00
00
00
00
00
00
00
00
00
00
00
00
06
85
fd
fd
fd
a9
3d
03
00
00
00
00
00
00
00
00
00
00
00
00
00
00
00
00
00
00
00
00
00
00
00
00
00
00
00
00
00
00
00
00
00
00
00
00
00
00
00
00
00
00
00
00
00
00
00
00
00
00
00
00
00
00
00
00
00
00
00
00
00
00
00
00
00
00
00
00
00
00
00
00
00
00
00
00
00
00
00
00
00
00
00
00
00
00
00
00
00
00
00
00
00
00
00
00
00
00
00
00
00
00
00
00
00
00
00
00
00
00
00
00
00
00
00
00
00
00
00
00
00
00
00
00
00
00
00
00
00
00
00
00
00
00
00
00
00
00
00
00
00
00
00
00
00
00
00
00
00
00
00
00
00
00
00
00
00
00
00
00
00
00
00
00
00
00
00
00
00
00
00
00
00
00
00
00
00
00
00
00
00
00
00
00
00
00
00
00
00
00
00
00
00
00
00
00
00
00
00
00
00
00
00
00
00
00
00
00
00
00
00
00
00
00
00
00
00
00
00
00
00
00
00
00
00
00
00
00
00
00
00
00
00
00
00
00
00
00
00
00
00
00
00
00
00
00
00
00
00
00
00
00
00
00
00
00
00
00
00
00
00
00
00
00
00
00
00
00
00
00
00
00
00
00
00
00
00
00
00
00
00
00
00
00
00
00
00
00
00
00
00
00
00
00
00
00
00
00
00
00
20
aa
ff
fe
d7
9f
49
0c
00
00
00
00
00
00
00
00
00
00
00
00
00
00
00
00
00
00
00
4f
e1
ef
d8
c9
7d
d7
fa
90
00
00
00
00
00
00
00
00
00
00
00
00
00
00
00
00
00
00
23
e3
f8
77
00
00
00
00
e7
7b
00
00
00
00
00
00
00
00
00
00
00
00
00
00
00
00
00
00
93
fd
44
00
00
00
03
8a
b8
10
00
00
00
00
00
00
00
00
00
00
00
00
00
00
00
00
00
23
f7
94
03
00
00
07
5a
fd
ab
00
00
00
00
00
00
00
00
00
00
00
00
00
00
00
00
00
00
78
fd
67
00
00
05
59
fd
fd
7b
00
00
00
00
00
00
00
00
00
00
00
00
00
00
00
00
00
00
8c
fd
bb
55
78
c6
fd
fd
fd
12
00
00
00
00
00
00
00
00
00
00
00
00
00
00
00
00
00
00
0b
d0
fd
fd
fd
c5
f7
fb
6a
01
00
00
00
00
00
00
00
00
00
00
00
00
00
00
00
00
00
00
00
1a
80
56
25
43
f9
e9
00
00
00
00
00
00
00
00
00
00
00
00
00
00
00
00
00
00
00
00
00
00
00
00
00
c2
fd
73
00
00
00
00
00
00
00
00
00
00
00
00
00
00
00
00
00
00
00
00
00
00
00
00
3c
ff
9c
00
00
00
00
00
00
00
00
00
00
00
00
00
00
00
00
00
00
00
00
00
00
00
00
00
8f
fe
6c
00
00
00
00
00
00
00
00
00
00
00
00
00
00
00
00
00
00
00
00
00
00
00
00
3d
ee
ca
06
00
00
00
00
00
00
00
00
00
00
00
00
00
00
00
00
00
00
00
00
00
00
00
00
96
fd
a0
00
00
00
00
00
00
00
00
00
00
00
00
00
00
00
00
00
00
00
00
00
00
00
00
69
fa
a5
07
00
00
00
00
00
00
00
00
00
00
00
00
00
00
00
00
00
00
00
00
00
00
00
07
c1
c6
36
00
00
00
00
00
00
00
00
00
00
00
00
00
00
00
00
00
00
00
00
00
00
00
00
97
ea
35
00
00
00
00
00
00
00
00
00
00
00
00
00
00
00
00
00
00
00
00
00
00
00
00
21
de
55
00
00
00
00
00
00
00
00
00
00
00
00
00
00
00
00
00
00
00
00
00
00
00
00
06
c4
5c
02
00
00
00
00
00
00
00
00
00
00
00
00
00
00
00
00
00
00
00
00
00
00
00
00
97
81
00
00
00
00
00
00
00
00
00
00
00
00
00
00
00
00
00
00
00
00
00
00
00
00
00
00
00
00
00
00
00
00
00
00
00
00
00
00
00
00
00
00
00
00
00
00
