00 00 00 00 00 00 00 00 00 00 00 00 00 00 00 00 00 00 00 00 00 00 00 00 00 00 00 00
00 00 00 00 00 00 00 00 00 00 00 00 00 00 00 00 00 00 00 00 00 00 00 00 00 00 00 00
00 00 00 00 00 00 00 00 00 00 00 00 00 00 00 00 00 00 00 00 00 00 00 00 00 00 00 00
00 00 00 00 00 00 00 00 00 00 00 00 00 00 00 00 00 00 00 00 00 00 00 00 00 00 00 00
00 00 00 00 00 00 00 00 00 00 00 00 00 00 00 00 00 00 00 00 00 00 00 00 00 00 00 00
00 00 00 00 00 00 00 00 00 00 00 00 00 8D E2 E2 39 00 00 00 00 00 00 00 00 00 00 00
00 00 00 00 00 00 39 AA AA E2 AA FF FF FF FF E2 1D 00 00 00 00 00 00 00 00 00 00 00
00 00 00 00 00 00 8D FF FF FF E2 AA 8D 72 1D 00 00 00 00 00 00 00 00 00 00 00 00 00
00 00 00 00 00 00 00 8D FF 56 00 00 00 00 00 00 00 00 00 00 00 00 00 00 00 00 00 00
00 00 00 00 00 00 00 00 E2 8D 00 00 00 00 00 00 00 00 00 00 00 00 00 00 00 00 00 00
00 00 00 00 00 00 00 00 8D FF 1D 00 00 00 00 00 00 00 00 00 00 00 00 00 00 00 00 00
00 00 00 00 00 00 00 00 56 FF 72 00 00 39 56 56 39 1D 00 00 00 00 00 00 00 00 00 00
00 00 00 00 00 00 00 00 1D FF E2 72 E2 FF FF FF FF FF AA 1D 00 00 00 00 00 00 00 00
00 00 00 00 00 00 00 00 00 AA FF FF C6 AA 56 1D 72 8D E2 E2 1D 00 00 00 00 00 00 00
00 00 00 00 00 00 00 00 00 56 AA 39 00 00 00 00 00 00 56 FF C6 1D 00 00 00 00 00 00
00 00 00 00 00 00 00 00 00 00 00 00 00 00 00 00 00 00 00 72 FF 56 00 00 00 00 00 00
00 00 00 00 00 00 00 00 00 00 00 00 00 00 00 00 00 00 00 00 FF 56 00 00 00 00 00 00
00 00 00 00 00 00 00 00 00 00 00 00 00 00 00 00 00 00 00 00 FF AA 00 00 00 00 00 00
00 00 00 00 00 00 00 00 00 00 00 00 00 00 00 00 00 00 00 00 FF 72 00 00 00 00 00 00
00 00 00 00 00 00 00 00 00 00 00 00 00 00 00 00 00 00 00 1D FF 56 00 00 00 00 00 00
00 00 00 00 00 00 00 00 00 00 00 00 00 00 00 00 00 00 00 AA FF 1D 00 00 00 00 00 00
00 00 00 00 00 00 00 00 00 00 1D AA 00 00 00 00 00 00 39 FF C6 00 00 00 00 00 00 00
00 00 00 00 00 00 00 00 00 00 00 E2 AA 39 00 00 00 39 E2 FF 56 00 00 00 00 00 00 00
00 00 00 00 00 00 00 00 00 00 00 56 E2 FF E2 AA AA E2 E2 56 00 00 00 00 00 00 00 00
00 00 00 00 00 00 00 00 00 00 00 00 1D 72 C6 FF FF C6 1D 00 00 00 00 00 00 00 00 00
00 00 00 00 00 00 00 00 00 00 00 00 00 00 00 00 00 00 00 00 00 00 00 00 00 00 00 00
00 00 00 00 00 00 00 00 00 00 00 00 00 00 00 00 00 00 00 00 00 00 00 00 00 00 00 00
00 00 00 00 00 00 00 00 00 00 00 00 00 00 00 00 00 00 00 00 00 00 00 00 00 00 00 00
