00 00 00 00 00 00 00 00 00 00 00 00 00 00 00 00 00 00 00 00 00 00 00 00 00 00 00 00
00 00 00 00 00 00 00 00 00 00 00 00 00 00 00 00 00 00 00 00 00 00 00 00 00 00 00 00
00 00 00 00 00 00 00 00 00 00 00 00 00 00 00 00 00 00 00 00 00 00 00 00 00 00 00 00
00 00 00 00 00 00 00 00 00 00 00 00 00 00 00 00 00 00 00 00 00 00 00 00 00 00 00 00
00 00 00 00 00 00 00 00 00 65 DE 9F 71 72 0C 00 00 00 00 00 00 00 00 00 00 00 00 00
00 00 00 00 00 00 39 A3 E2 F9 FC FC FC FD E4 61 00 00 00 00 00 00 00 00 00 00 00 00
00 00 00 00 00 4C EA FC FD FC FC DC FC FD FC EF 42 00 00 00 00 00 00 00 00 00 00 00
00 00 00 00 00 C5 FC FC E1 63 54 25 54 92 F9 FC B4 0D 00 00 00 00 00 00 00 00 00 00
00 00 00 00 30 E3 FC AD 00 00 00 00 00 00 E1 FC FC 70 00 00 00 00 00 00 00 00 00 00
00 00 00 00 56 E4 2F 00 00 00 00 00 00 00 A3 FD FD 70 00 00 00 00 00 00 00 00 00 00
00 00 00 00 09 15 00 00 00 00 00 00 00 00 55 FC FC 70 00 00 00 00 00 00 00 00 00 00
00 00 00 00 00 00 00 00 00 00 00 00 00 00 55 FC FC BD 00 00 00 00 00 00 00 00 00 00
00 00 00 00 00 00 00 00 00 00 00 00 00 0D 68 FC FC 70 00 00 00 00 00 00 00 00 00 00
00 00 00 00 00 00 00 00 00 00 00 00 4F BF FC FC FC 70 00 00 00 00 00 00 00 00 00 00
00 00 00 00 00 00 00 00 00 00 00 1D FD FF FD FD FD FD 3F 00 00 00 00 00 00 00 00 00
00 00 00 00 00 00 00 00 00 00 00 03 98 FD FC FC FC FC F1 18 00 00 00 00 00 00 00 00
00 00 00 00 00 00 00 00 00 00 00 00 1F 38 37 37 9B FC FD 3B 00 00 00 00 00 00 00 00
00 00 00 00 00 00 00 00 00 00 00 00 00 00 00 00 0A B1 FD E0 35 00 00 00 00 00 00 00
00 00 00 00 00 00 00 00 00 30 8C 7E 00 00 00 00 00 3F FD FC C3 00 00 00 00 00 00 00
00 00 00 00 00 00 00 00 00 E2 FD 54 00 00 00 00 00 00 C0 FD C4 00 00 00 00 00 00 00
00 00 00 00 00 00 00 00 00 E1 FC EA 92 55 39 00 00 30 9F FC C3 00 00 00 00 00 00 00
00 00 00 00 00 00 00 00 00 61 D0 FC FC FD E9 C5 C5 E3 FD FC C3 00 00 00 00 00 00 00
00 00 00 00 00 00 00 00 00 00 13 63 DF ED FC FC FC FC FD E2 60 00 00 00 00 00 00 00
00 00 00 00 00 00 00 00 00 00 00 00 00 32 ED FC FC FC BE 0C 00 00 00 00 00 00 00 00
00 00 00 00 00 00 00 00 00 00 00 00 00 00 00 00 00 00 00 00 00 00 00 00 00 00 00 00
00 00 00 00 00 00 00 00 00 00 00 00 00 00 00 00 00 00 00 00 00 00 00 00 00 00 00 00
00 00 00 00 00 00 00 00 00 00 00 00 00 00 00 00 00 00 00 00 00 00 00 00 00 00 00 00
00 00 00 00 00 00 00 00 00 00 00 00 00 00 00 00 00 00 00 00 00 00 00 00 00 00 00 00
